// Polars table of section_27 for NREL 5MW 
// AOA    Cl    Cd 
(-180.000000 0.000000 0.019069)
(-179.500000 0.038525 0.020521)
(-179.000000 0.077050 0.021974)
(-178.500000 0.115575 0.023426)
(-178.000000 0.154100 0.024879)
(-177.500000 0.192625 0.026331)
(-177.000000 0.231150 0.027784)
(-176.500000 0.269675 0.029236)
(-176.000000 0.308200 0.030689)
(-175.500000 0.346725 0.032141)
(-175.000000 0.385250 0.033594)
(-174.500000 0.423819 0.039728)
(-174.000000 0.462388 0.045863)
(-173.500000 0.500956 0.051997)
(-173.000000 0.539525 0.058131)
(-172.500000 0.578094 0.064266)
(-172.000000 0.616662 0.070400)
(-171.500000 0.655231 0.076534)
(-171.000000 0.693800 0.082669)
(-170.500000 0.732369 0.088803)
(-170.000000 0.770937 0.094938)
(-169.500000 0.765650 0.104231)
(-169.000000 0.760362 0.113525)
(-168.500000 0.755075 0.122819)
(-168.000000 0.749788 0.132112)
(-167.500000 0.744500 0.141406)
(-167.000000 0.739212 0.150700)
(-166.500000 0.733925 0.159994)
(-166.000000 0.728637 0.169287)
(-165.500000 0.723350 0.178581)
(-165.000000 0.718063 0.187875)
(-164.500000 0.712775 0.197169)
(-164.000000 0.707488 0.206462)
(-163.500000 0.702200 0.215756)
(-163.000000 0.696913 0.225050)
(-162.500000 0.691625 0.234344)
(-162.000000 0.686337 0.243637)
(-161.500000 0.681050 0.252931)
(-161.000000 0.675763 0.262225)
(-160.500000 0.670475 0.271519)
(-160.000000 0.665188 0.280813)
(-159.500000 0.673000 0.291994)
(-159.000000 0.680813 0.303176)
(-158.500000 0.688625 0.314358)
(-158.000000 0.696437 0.325540)
(-157.500000 0.704250 0.336722)
(-157.000000 0.712063 0.347904)
(-156.500000 0.719875 0.359086)
(-156.000000 0.727687 0.370267)
(-155.500000 0.735500 0.381449)
(-155.000000 0.743312 0.392631)
(-154.500000 0.748069 0.404374)
(-154.000000 0.752825 0.416118)
(-153.500000 0.757581 0.427861)
(-153.000000 0.762337 0.439604)
(-152.500000 0.767094 0.451347)
(-152.000000 0.771850 0.463090)
(-151.500000 0.776606 0.474833)
(-151.000000 0.781362 0.486576)
(-150.500000 0.786119 0.498319)
(-150.000000 0.790875 0.510062)
(-149.500000 0.792931 0.521962)
(-149.000000 0.794987 0.533863)
(-148.500000 0.797044 0.545762)
(-148.000000 0.799100 0.557663)
(-147.500000 0.801156 0.569562)
(-147.000000 0.803212 0.581462)
(-146.500000 0.805269 0.593363)
(-146.000000 0.807325 0.605263)
(-145.500000 0.809381 0.617162)
(-145.000000 0.811437 0.629062)
(-144.500000 0.810937 0.640753)
(-144.000000 0.810437 0.652443)
(-143.500000 0.809937 0.664132)
(-143.000000 0.809438 0.675822)
(-142.500000 0.808937 0.687512)
(-142.000000 0.808437 0.699202)
(-141.500000 0.807937 0.710892)
(-141.000000 0.807437 0.722583)
(-140.500000 0.806937 0.734272)
(-140.000000 0.806437 0.745962)
(-139.500000 0.803737 0.757158)
(-139.000000 0.801037 0.768354)
(-138.500000 0.798337 0.779549)
(-138.000000 0.795637 0.790745)
(-137.500000 0.792937 0.801941)
(-137.000000 0.790237 0.813136)
(-136.500000 0.787538 0.824332)
(-136.000000 0.784837 0.835527)
(-135.500000 0.782137 0.846723)
(-135.000000 0.779438 0.857919)
(-134.500000 0.774737 0.868379)
(-134.000000 0.770037 0.878839)
(-133.500000 0.765337 0.889299)
(-133.000000 0.760638 0.899759)
(-132.500000 0.755937 0.910219)
(-132.000000 0.751237 0.920679)
(-131.500000 0.746537 0.931139)
(-131.000000 0.741837 0.941599)
(-130.500000 0.737138 0.952059)
(-130.000000 0.732437 0.962519)
(-129.500000 0.726038 0.972053)
(-129.000000 0.719637 0.981588)
(-128.500000 0.713237 0.991122)
(-128.000000 0.706838 1.000656)
(-127.500000 0.700437 1.010191)
(-127.000000 0.694038 1.019725)
(-126.500000 0.687637 1.029259)
(-126.000000 0.681237 1.038794)
(-125.500000 0.674837 1.048328)
(-125.000000 0.668438 1.057862)
(-124.500000 0.660537 1.066307)
(-124.000000 0.652637 1.074751)
(-123.500000 0.644737 1.083196)
(-123.000000 0.636837 1.091640)
(-122.500000 0.628937 1.100084)
(-122.000000 0.621037 1.108529)
(-121.500000 0.613137 1.116973)
(-121.000000 0.605237 1.125417)
(-120.500000 0.597337 1.133862)
(-120.000000 0.589437 1.142306)
(-119.500000 0.580381 1.149541)
(-119.000000 0.571325 1.156775)
(-118.500000 0.562269 1.164009)
(-118.000000 0.553212 1.171244)
(-117.500000 0.544156 1.178478)
(-117.000000 0.535100 1.185712)
(-116.500000 0.526044 1.192947)
(-116.000000 0.516987 1.200181)
(-115.500000 0.507931 1.207416)
(-115.000000 0.498875 1.214650)
(-114.500000 0.488719 1.220583)
(-114.000000 0.478563 1.226516)
(-113.500000 0.468406 1.232449)
(-113.000000 0.458250 1.238382)
(-112.500000 0.448094 1.244316)
(-112.000000 0.437937 1.250249)
(-111.500000 0.427781 1.256182)
(-111.000000 0.417625 1.262115)
(-110.500000 0.407469 1.268048)
(-110.000000 0.397312 1.273981)
(-109.500000 0.386456 1.278529)
(-109.000000 0.375600 1.283076)
(-108.500000 0.364744 1.287624)
(-108.000000 0.353887 1.292171)
(-107.500000 0.343031 1.296719)
(-107.000000 0.332175 1.301266)
(-106.500000 0.321319 1.305814)
(-106.000000 0.310462 1.310361)
(-105.500000 0.299606 1.314909)
(-105.000000 0.288750 1.319456)
(-104.500000 0.277337 1.322578)
(-104.000000 0.265925 1.325700)
(-103.500000 0.254512 1.328822)
(-103.000000 0.243100 1.331944)
(-102.500000 0.231687 1.335066)
(-102.000000 0.220275 1.338188)
(-101.500000 0.208863 1.341309)
(-101.000000 0.197450 1.344431)
(-100.500000 0.186037 1.347553)
(-100.000000 0.174625 1.350675)
(-99.500000 0.162812 1.352340)
(-99.000000 0.151000 1.354005)
(-98.500000 0.139187 1.355670)
(-98.000000 0.127375 1.357335)
(-97.500000 0.115562 1.359000)
(-97.000000 0.103750 1.360665)
(-96.500000 0.091938 1.362330)
(-96.000000 0.080125 1.363995)
(-95.500000 0.068312 1.365660)
(-95.000000 0.056500 1.367325)
(-94.500000 0.044544 1.367514)
(-94.000000 0.032587 1.367704)
(-93.500000 0.020631 1.367893)
(-93.000000 0.008675 1.368082)
(-92.500000 -0.003281 1.368272)
(-92.000000 -0.015238 1.368461)
(-91.500000 -0.027194 1.368651)
(-91.000000 -0.039150 1.368840)
(-90.500000 -0.051106 1.369029)
(-90.000000 -0.063063 1.369219)
(-89.500000 -0.074875 1.367937)
(-89.000000 -0.086688 1.366655)
(-88.500000 -0.098500 1.365373)
(-88.000000 -0.110313 1.364091)
(-87.500000 -0.122125 1.362809)
(-87.000000 -0.133937 1.361527)
(-86.500000 -0.145750 1.360246)
(-86.000000 -0.157562 1.358964)
(-85.500000 -0.169375 1.357682)
(-85.000000 -0.181188 1.356400)
(-84.500000 -0.192744 1.353667)
(-84.000000 -0.204300 1.350934)
(-83.500000 -0.215856 1.348201)
(-83.000000 -0.227412 1.345467)
(-82.500000 -0.238969 1.342734)
(-82.000000 -0.250525 1.340001)
(-81.500000 -0.262081 1.337268)
(-81.000000 -0.273637 1.334535)
(-80.500000 -0.285194 1.331802)
(-80.000000 -0.296750 1.329069)
(-79.500000 -0.307862 1.324920)
(-79.000000 -0.318975 1.320771)
(-78.500000 -0.330087 1.316622)
(-78.000000 -0.341200 1.312474)
(-77.500000 -0.352312 1.308325)
(-77.000000 -0.363425 1.304176)
(-76.500000 -0.374537 1.300027)
(-76.000000 -0.385650 1.295879)
(-75.500000 -0.396762 1.291730)
(-75.000000 -0.407875 1.287581)
(-74.500000 -0.418287 1.282051)
(-74.000000 -0.428700 1.276521)
(-73.500000 -0.439112 1.270991)
(-73.000000 -0.449525 1.265461)
(-72.500000 -0.459937 1.259931)
(-72.000000 -0.470350 1.254401)
(-71.500000 -0.480762 1.248871)
(-71.000000 -0.491175 1.243341)
(-70.500000 -0.501588 1.237811)
(-70.000000 -0.512000 1.232281)
(-69.500000 -0.521513 1.225459)
(-69.000000 -0.531025 1.218636)
(-68.500000 -0.540537 1.211814)
(-68.000000 -0.550050 1.204991)
(-67.500000 -0.559562 1.198169)
(-67.000000 -0.569075 1.191346)
(-66.500000 -0.578587 1.184524)
(-66.000000 -0.588100 1.177701)
(-65.500000 -0.597612 1.170879)
(-65.000000 -0.607125 1.164056)
(-64.500000 -0.615537 1.156018)
(-64.000000 -0.623950 1.147980)
(-63.500000 -0.632362 1.139942)
(-63.000000 -0.640775 1.131904)
(-62.500000 -0.649187 1.123866)
(-62.000000 -0.657600 1.115827)
(-61.500000 -0.666012 1.107789)
(-61.000000 -0.674425 1.099751)
(-60.500000 -0.682837 1.091713)
(-60.000000 -0.691250 1.083675)
(-59.500000 -0.698306 1.074540)
(-59.000000 -0.705363 1.065405)
(-58.500000 -0.712419 1.056270)
(-58.000000 -0.719475 1.047135)
(-57.500000 -0.726531 1.038000)
(-57.000000 -0.733588 1.028865)
(-56.500000 -0.740644 1.019730)
(-56.000000 -0.747700 1.010595)
(-55.500000 -0.754756 1.001460)
(-55.000000 -0.761813 0.992325)
(-54.500000 -0.767369 0.982249)
(-54.000000 -0.772925 0.972172)
(-53.500000 -0.778481 0.962096)
(-53.000000 -0.784037 0.952020)
(-52.500000 -0.789594 0.941944)
(-52.000000 -0.795150 0.931867)
(-51.500000 -0.800706 0.921791)
(-51.000000 -0.806262 0.911715)
(-50.500000 -0.811819 0.901639)
(-50.000000 -0.817375 0.891563)
(-49.500000 -0.821031 0.880715)
(-49.000000 -0.824688 0.869868)
(-48.500000 -0.828344 0.859020)
(-48.000000 -0.832000 0.848172)
(-47.500000 -0.835656 0.837325)
(-47.000000 -0.839313 0.826477)
(-46.500000 -0.842969 0.815630)
(-46.000000 -0.846625 0.804782)
(-45.500000 -0.850281 0.793935)
(-45.000000 -0.853937 0.783087)
(-44.500000 -0.855650 0.771689)
(-44.000000 -0.857363 0.760290)
(-43.500000 -0.859075 0.748891)
(-43.000000 -0.860788 0.737492)
(-42.500000 -0.862500 0.726094)
(-42.000000 -0.864212 0.714695)
(-41.500000 -0.865925 0.703296)
(-41.000000 -0.867638 0.691897)
(-40.500000 -0.869350 0.680499)
(-40.000000 -0.871062 0.669100)
(-39.500000 -0.870462 0.657420)
(-39.000000 -0.869863 0.645740)
(-38.500000 -0.869262 0.634060)
(-38.000000 -0.868662 0.622380)
(-37.500000 -0.868062 0.610700)
(-37.000000 -0.867463 0.599020)
(-36.500000 -0.866862 0.587340)
(-36.000000 -0.866262 0.575660)
(-35.500000 -0.865663 0.563980)
(-35.000000 -0.865062 0.552300)
(-34.500000 -0.861962 0.540639)
(-34.000000 -0.858862 0.528977)
(-33.500000 -0.855762 0.517316)
(-33.000000 -0.852662 0.505655)
(-32.500000 -0.849562 0.493994)
(-32.000000 -0.846462 0.482332)
(-31.500000 -0.843362 0.470671)
(-31.000000 -0.840262 0.459010)
(-30.500000 -0.837162 0.447349)
(-30.000000 -0.834062 0.435688)
(-29.500000 -0.832469 0.423869)
(-29.000000 -0.830875 0.412051)
(-28.500000 -0.829281 0.400233)
(-28.000000 -0.827687 0.388415)
(-27.500000 -0.826094 0.376597)
(-27.000000 -0.824500 0.364779)
(-26.500000 -0.822906 0.352961)
(-26.000000 -0.821313 0.341142)
(-25.500000 -0.819719 0.329324)
(-25.000000 -0.818125 0.317506)
(-24.500000 -0.822688 0.305050)
(-24.000000 -0.827250 0.292594)
(-23.500000 -0.834719 0.279891)
(-23.000000 -0.842188 0.267187)
(-22.500000 -0.851281 0.254322)
(-22.000000 -0.860375 0.241456)
(-21.500000 -0.871594 0.228522)
(-21.000000 -0.882813 0.215587)
(-20.500000 -0.895375 0.202612)
(-20.000000 -0.907938 0.189637)
(-19.500000 -0.921625 0.176750)
(-19.000000 -0.935313 0.163862)
(-18.500000 -0.949344 0.151084)
(-18.000000 -0.963375 0.138306)
(-17.500000 -0.989500 0.125503)
(-17.000000 -1.015625 0.112700)
(-16.500000 -1.032250 0.099981)
(-16.000000 -1.048875 0.087262)
(-15.500000 -1.056688 0.074712)
(-15.000000 -1.064500 0.062162)
(-14.500000 -1.068156 0.049787)
(-14.000000 -1.051294 0.040932)
(-13.500000 -1.029400 0.032120)
(-13.000000 -1.001819 0.028470)
(-12.500000 -0.966581 0.024755)
(-12.000000 -0.931267 0.021124)
(-11.500000 -0.895290 0.021731)
(-11.000000 -0.859312 0.022337)
(-10.500000 -0.818184 0.021678)
(-10.000000 -0.777055 0.021018)
(-9.500000 -0.708633 0.018371)
(-9.000000 -0.639256 0.015644)
(-8.500000 -0.569660 0.013004)
(-8.000000 -0.501310 0.010754)
(-7.500000 -0.439487 0.009778)
(-7.000000 -0.376632 0.008828)
(-6.500000 -0.314719 0.008681)
(-6.000000 -0.253312 0.008200)
(-5.500000 -0.190906 0.007684)
(-5.000000 -0.129625 0.007338)
(-4.500000 -0.063750 0.006959)
(-4.000000 0.001562 0.006694)
(-3.500000 0.060531 0.006406)
(-3.000000 0.120062 0.006063)
(-2.500000 0.182844 0.005788)
(-2.000000 0.245062 0.005569)
(-1.500000 0.305656 0.005525)
(-1.000000 0.366250 0.005481)
(-0.500000 0.426062 0.005481)
(0.000000 0.486437 0.005481)
(0.500000 0.546250 0.005481)
(1.000000 0.606062 0.005537)
(1.500000 0.665312 0.005559)
(2.000000 0.725125 0.005637)
(2.500000 0.783812 0.005750)
(3.000000 0.842500 0.005862)
(3.500000 0.901187 0.006053)
(4.000000 0.953125 0.006356)
(4.500000 1.005969 0.006894)
(5.000000 1.058250 0.007600)
(5.500000 1.106500 0.009053)
(6.000000 1.153062 0.010337)
(6.500000 1.196562 0.011325)
(7.000000 1.238375 0.012312)
(7.500000 1.278062 0.013003)
(8.000000 1.313812 0.013694)
(8.500000 1.344750 0.014575)
(9.000000 1.369312 0.016131)
(9.500000 1.381312 0.018125)
(10.000000 1.368500 0.020906)
(10.500000 1.351062 0.028612)
(11.000000 1.343000 0.036275)
(11.500000 1.340063 0.044344)
(12.000000 1.342875 0.053144)
(12.500000 1.347375 0.062463)
(13.000000 1.350875 0.072400)
(13.500000 1.351750 0.082350)
(14.000000 1.349000 0.091931)
(14.500000 1.347813 0.102075)
(15.000000 1.349375 0.111825)
(15.500000 1.353625 0.121631)
(16.000000 1.355750 0.131831)
(16.500000 1.360750 0.142269)
(17.000000 1.363750 0.152550)
(17.500000 1.365313 0.162719)
(18.000000 1.369250 0.173044)
(18.500000 1.371000 0.183594)
(19.000000 1.369250 0.194281)
(19.500000 1.364313 0.205038)
(20.000000 1.362188 0.215850)
(20.500000 1.364156 0.226822)
(21.000000 1.357687 0.237850)
(21.500000 1.335281 0.250438)
(22.000000 1.312875 0.263025)
(22.500000 1.286469 0.275581)
(23.000000 1.260063 0.288138)
(23.500000 1.229344 0.300697)
(24.000000 1.198625 0.313256)
(24.500000 1.174312 0.325309)
(25.000000 1.150000 0.337363)
(25.500000 1.126531 0.349475)
(26.000000 1.103063 0.361587)
(26.500000 1.081328 0.373731)
(27.000000 1.059594 0.385875)
(27.500000 1.037859 0.398019)
(28.000000 1.016125 0.410162)
(28.500000 0.998656 0.422270)
(29.000000 0.981187 0.434378)
(29.500000 0.963719 0.446486)
(30.000000 0.946250 0.458594)
(30.500000 0.934969 0.470561)
(31.000000 0.923687 0.482528)
(31.500000 0.912406 0.494495)
(32.000000 0.901125 0.506462)
(32.500000 0.898052 0.518314)
(33.000000 0.894979 0.530165)
(33.500000 0.891906 0.542016)
(34.000000 0.888833 0.553867)
(34.500000 0.885760 0.565718)
(35.000000 0.882687 0.577569)
(35.500000 0.883031 0.589642)
(36.000000 0.883375 0.601715)
(36.500000 0.883719 0.613788)
(37.000000 0.884062 0.625861)
(37.500000 0.884406 0.637934)
(38.000000 0.884750 0.650007)
(38.500000 0.885094 0.662081)
(39.000000 0.885437 0.674154)
(39.500000 0.885781 0.686227)
(40.000000 0.886125 0.698300)
(40.500000 0.884406 0.710106)
(41.000000 0.882687 0.721912)
(41.500000 0.880969 0.733719)
(42.000000 0.879250 0.745525)
(42.500000 0.877531 0.757331)
(43.000000 0.875812 0.769137)
(43.500000 0.874094 0.780944)
(44.000000 0.872375 0.792750)
(44.500000 0.870656 0.804556)
(45.000000 0.868937 0.816362)
(45.500000 0.865150 0.827649)
(46.000000 0.861362 0.838936)
(46.500000 0.857575 0.850223)
(47.000000 0.853787 0.861510)
(47.500000 0.850000 0.872797)
(48.000000 0.846212 0.884084)
(48.500000 0.842425 0.895371)
(49.000000 0.838637 0.906657)
(49.500000 0.834850 0.917944)
(50.000000 0.831062 0.929231)
(50.500000 0.825506 0.939789)
(51.000000 0.819950 0.950347)
(51.500000 0.814394 0.960906)
(52.000000 0.808837 0.971464)
(52.500000 0.803281 0.982022)
(53.000000 0.797725 0.992580)
(53.500000 0.792169 1.003138)
(54.000000 0.786612 1.013696)
(54.500000 0.781056 1.024254)
(55.000000 0.775500 1.034812)
(55.500000 0.768275 1.044466)
(56.000000 0.761050 1.054119)
(56.500000 0.753825 1.063772)
(57.000000 0.746600 1.073425)
(57.500000 0.739375 1.083078)
(58.000000 0.732150 1.092731)
(58.500000 0.724925 1.102384)
(59.000000 0.717700 1.112037)
(59.500000 0.710475 1.121691)
(60.000000 0.703250 1.131344)
(60.500000 0.694725 1.139956)
(61.000000 0.686200 1.148569)
(61.500000 0.677675 1.157181)
(62.000000 0.669150 1.165794)
(62.500000 0.660625 1.174406)
(63.000000 0.652100 1.183019)
(63.500000 0.643575 1.191631)
(64.000000 0.635050 1.200244)
(64.500000 0.626525 1.208856)
(65.000000 0.618000 1.217469)
(65.500000 0.608231 1.224934)
(66.000000 0.598462 1.232399)
(66.500000 0.588694 1.239864)
(67.000000 0.578925 1.247329)
(67.500000 0.569156 1.254794)
(68.000000 0.559387 1.262259)
(68.500000 0.549619 1.269724)
(69.000000 0.539850 1.277189)
(69.500000 0.530081 1.284654)
(70.000000 0.520312 1.292119)
(70.500000 0.509600 1.298337)
(71.000000 0.498887 1.304556)
(71.500000 0.488175 1.310775)
(72.000000 0.477462 1.316994)
(72.500000 0.466750 1.323212)
(73.000000 0.456037 1.329431)
(73.500000 0.445325 1.335650)
(74.000000 0.434612 1.341869)
(74.500000 0.423900 1.348088)
(75.000000 0.413187 1.354306)
(75.500000 0.401700 1.359176)
(76.000000 0.390212 1.364046)
(76.500000 0.378725 1.368916)
(77.000000 0.367237 1.373786)
(77.500000 0.355750 1.378656)
(78.000000 0.344262 1.383526)
(78.500000 0.332775 1.388396)
(79.000000 0.321287 1.393266)
(79.500000 0.309800 1.398136)
(80.000000 0.298312 1.403006)
(80.500000 0.286250 1.406415)
(81.000000 0.274188 1.409824)
(81.500000 0.262125 1.413232)
(82.000000 0.250062 1.416641)
(82.500000 0.238000 1.420050)
(83.000000 0.225937 1.423459)
(83.500000 0.213875 1.426867)
(84.000000 0.201812 1.430276)
(84.500000 0.189750 1.433685)
(85.000000 0.177687 1.437094)
(85.500000 0.165219 1.438736)
(86.000000 0.152750 1.440379)
(86.500000 0.140281 1.442021)
(87.000000 0.127812 1.443664)
(87.500000 0.115344 1.445306)
(88.000000 0.102875 1.446949)
(88.500000 0.090406 1.448591)
(89.000000 0.077937 1.450234)
(89.500000 0.065469 1.451876)
(90.000000 0.053000 1.453519)
(90.500000 0.040356 1.453199)
(91.000000 0.027712 1.452879)
(91.500000 0.015069 1.452559)
(92.000000 0.002425 1.452239)
(92.500000 -0.010219 1.451919)
(93.000000 -0.022862 1.451599)
(93.500000 -0.035506 1.451279)
(94.000000 -0.048150 1.450959)
(94.500000 -0.060794 1.450639)
(95.000000 -0.073437 1.450319)
(95.500000 -0.085937 1.448450)
(96.000000 -0.098437 1.446581)
(96.500000 -0.110937 1.444712)
(97.000000 -0.123437 1.442844)
(97.500000 -0.135937 1.440975)
(98.000000 -0.148438 1.439106)
(98.500000 -0.160938 1.437238)
(99.000000 -0.173438 1.435369)
(99.500000 -0.185938 1.433500)
(100.000000 -0.198437 1.431631)
(100.500000 -0.210581 1.428227)
(101.000000 -0.222725 1.424823)
(101.500000 -0.234869 1.421418)
(102.000000 -0.247012 1.418014)
(102.500000 -0.259156 1.414609)
(103.000000 -0.271300 1.411205)
(103.500000 -0.283444 1.407801)
(104.000000 -0.295588 1.404396)
(104.500000 -0.307731 1.400992)
(105.000000 -0.319875 1.397587)
(105.500000 -0.331375 1.392679)
(106.000000 -0.342875 1.387770)
(106.500000 -0.354375 1.382861)
(107.000000 -0.365875 1.377952)
(107.500000 -0.377375 1.373044)
(108.000000 -0.388875 1.368135)
(108.500000 -0.400375 1.363226)
(109.000000 -0.411875 1.358317)
(109.500000 -0.423375 1.353409)
(110.000000 -0.434875 1.348500)
(110.500000 -0.445575 1.342137)
(111.000000 -0.456275 1.335774)
(111.500000 -0.466975 1.329411)
(112.000000 -0.477675 1.323047)
(112.500000 -0.488375 1.316684)
(113.000000 -0.499075 1.310321)
(113.500000 -0.509775 1.303958)
(114.000000 -0.520475 1.297595)
(114.500000 -0.531175 1.291232)
(115.000000 -0.541875 1.284869)
(115.500000 -0.551519 1.277136)
(116.000000 -0.561163 1.269402)
(116.500000 -0.570806 1.261669)
(117.000000 -0.580450 1.253936)
(117.500000 -0.590094 1.246203)
(118.000000 -0.599738 1.238470)
(118.500000 -0.609381 1.230737)
(119.000000 -0.619025 1.223004)
(119.500000 -0.628669 1.215271)
(120.000000 -0.638312 1.207537)
(120.500000 -0.646613 1.198524)
(121.000000 -0.654913 1.189511)
(121.500000 -0.663212 1.180498)
(122.000000 -0.671512 1.171485)
(122.500000 -0.679812 1.162472)
(123.000000 -0.688113 1.153459)
(123.500000 -0.696412 1.144446)
(124.000000 -0.704712 1.135432)
(124.500000 -0.713012 1.126419)
(125.000000 -0.721313 1.117406)
(125.500000 -0.728012 1.107259)
(126.000000 -0.734712 1.097111)
(126.500000 -0.741412 1.086964)
(127.000000 -0.748112 1.076816)
(127.500000 -0.754812 1.066669)
(128.000000 -0.761513 1.056521)
(128.500000 -0.768212 1.046374)
(129.000000 -0.774913 1.036226)
(129.500000 -0.781613 1.026079)
(130.000000 -0.788312 1.015931)
(130.500000 -0.793256 1.004804)
(131.000000 -0.798200 0.993676)
(131.500000 -0.803144 0.982549)
(132.000000 -0.808087 0.971421)
(132.500000 -0.813031 0.960294)
(133.000000 -0.817975 0.949166)
(133.500000 -0.822919 0.938039)
(134.000000 -0.827862 0.926911)
(134.500000 -0.832806 0.915784)
(135.000000 -0.837750 0.904656)
(135.500000 -0.840550 0.892754)
(136.000000 -0.843350 0.880853)
(136.500000 -0.846150 0.868951)
(137.000000 -0.848950 0.857049)
(137.500000 -0.851750 0.845147)
(138.000000 -0.854550 0.833245)
(138.500000 -0.857350 0.821343)
(139.000000 -0.860150 0.809441)
(139.500000 -0.862950 0.797539)
(140.000000 -0.865750 0.785637)
(140.500000 -0.866206 0.773220)
(141.000000 -0.866662 0.760803)
(141.500000 -0.867119 0.748385)
(142.000000 -0.867575 0.735967)
(142.500000 -0.868031 0.723550)
(143.000000 -0.868487 0.711132)
(143.500000 -0.868944 0.698715)
(144.000000 -0.869400 0.686297)
(144.500000 -0.869856 0.673880)
(145.000000 -0.870312 0.661462)
(145.500000 -0.868113 0.648851)
(146.000000 -0.865912 0.636239)
(146.500000 -0.863712 0.623627)
(147.000000 -0.861512 0.611015)
(147.500000 -0.859312 0.598403)
(148.000000 -0.857112 0.585791)
(148.500000 -0.854912 0.573179)
(149.000000 -0.852712 0.560567)
(149.500000 -0.850512 0.547956)
(150.000000 -0.848312 0.535344)
(150.500000 -0.843112 0.522896)
(151.000000 -0.837913 0.510449)
(151.500000 -0.832712 0.498001)
(152.000000 -0.827512 0.485554)
(152.500000 -0.822313 0.473106)
(153.000000 -0.817112 0.460659)
(153.500000 -0.811913 0.448211)
(154.000000 -0.806712 0.435764)
(154.500000 -0.801513 0.423316)
(155.000000 -0.796312 0.410869)
(155.500000 -0.787913 0.399041)
(156.000000 -0.779513 0.387214)
(156.500000 -0.771112 0.375386)
(157.000000 -0.762712 0.363559)
(157.500000 -0.754312 0.351731)
(158.000000 -0.745912 0.339904)
(158.500000 -0.737513 0.328076)
(159.000000 -0.729112 0.316249)
(159.500000 -0.720712 0.304421)
(160.000000 -0.712312 0.292594)
(160.500000 -0.715244 0.282813)
(161.000000 -0.718175 0.273033)
(161.500000 -0.721106 0.263253)
(162.000000 -0.724038 0.253472)
(162.500000 -0.726969 0.243692)
(163.000000 -0.729900 0.233912)
(163.500000 -0.732831 0.224132)
(164.000000 -0.735762 0.214351)
(164.500000 -0.738694 0.204571)
(165.000000 -0.741625 0.194791)
(165.500000 -0.744556 0.185010)
(166.000000 -0.747487 0.175230)
(166.500000 -0.750419 0.165450)
(167.000000 -0.753350 0.155669)
(167.500000 -0.756281 0.145889)
(168.000000 -0.759212 0.136109)
(168.500000 -0.762144 0.126328)
(169.000000 -0.765075 0.116548)
(169.500000 -0.768006 0.106768)
(170.000000 -0.770937 0.096988)
(170.500000 -0.732369 0.090629)
(171.000000 -0.693800 0.084270)
(171.500000 -0.655231 0.077911)
(172.000000 -0.616662 0.071552)
(172.500000 -0.578094 0.065194)
(173.000000 -0.539525 0.058835)
(173.500000 -0.500956 0.052476)
(174.000000 -0.462387 0.046117)
(174.500000 -0.423819 0.039759)
(175.000000 -0.385250 0.033400)
(175.500000 -0.346725 0.031967)
(176.000000 -0.308200 0.030534)
(176.500000 -0.269675 0.029101)
(177.000000 -0.231150 0.027667)
(177.500000 -0.192625 0.026234)
(178.000000 -0.154100 0.024801)
(178.500000 -0.115575 0.023368)
(179.000000 -0.077050 0.021935)
(179.500000 -0.038525 0.020502)
(180.000000 0.000000 0.019069)
