// Polars table of section_28 for NREL 5MW 
// AOA    Cl    Cd 
(-180.000000 0.000000 0.019556)
(-179.500000 0.037775 0.020994)
(-179.000000 0.075550 0.022431)
(-178.500000 0.113325 0.023869)
(-178.000000 0.151100 0.025306)
(-177.500000 0.188875 0.026744)
(-177.000000 0.226650 0.028181)
(-176.500000 0.264425 0.029619)
(-176.000000 0.302200 0.031056)
(-175.500000 0.339975 0.032494)
(-175.000000 0.377750 0.033931)
(-174.500000 0.415606 0.040069)
(-174.000000 0.453463 0.046207)
(-173.500000 0.491319 0.052346)
(-173.000000 0.529175 0.058484)
(-172.500000 0.567031 0.064622)
(-172.000000 0.604888 0.070760)
(-171.500000 0.642744 0.076898)
(-171.000000 0.680600 0.083036)
(-170.500000 0.718456 0.089174)
(-170.000000 0.756312 0.095312)
(-169.500000 0.751550 0.104584)
(-169.000000 0.746787 0.113855)
(-168.500000 0.742025 0.123126)
(-168.000000 0.737263 0.132398)
(-167.500000 0.732500 0.141669)
(-167.000000 0.727737 0.150940)
(-166.500000 0.722975 0.160211)
(-166.000000 0.718213 0.169483)
(-165.500000 0.713450 0.178754)
(-165.000000 0.708687 0.188025)
(-164.500000 0.703925 0.197296)
(-164.000000 0.699163 0.206567)
(-163.500000 0.694400 0.215839)
(-163.000000 0.689638 0.225110)
(-162.500000 0.684875 0.234381)
(-162.000000 0.680112 0.243652)
(-161.500000 0.675350 0.252924)
(-161.000000 0.670588 0.262195)
(-160.500000 0.665825 0.271466)
(-160.000000 0.661063 0.280737)
(-159.500000 0.668800 0.291878)
(-159.000000 0.676538 0.303019)
(-158.500000 0.684275 0.314159)
(-158.000000 0.692013 0.325300)
(-157.500000 0.699750 0.336441)
(-157.000000 0.707488 0.347581)
(-156.500000 0.715225 0.358722)
(-156.000000 0.722962 0.369862)
(-155.500000 0.730700 0.381003)
(-155.000000 0.738437 0.392144)
(-154.500000 0.743156 0.403838)
(-154.000000 0.747875 0.415533)
(-153.500000 0.752594 0.427227)
(-153.000000 0.757313 0.438921)
(-152.500000 0.762031 0.450616)
(-152.000000 0.766750 0.462310)
(-151.500000 0.771469 0.474004)
(-151.000000 0.776188 0.485699)
(-150.500000 0.780906 0.497393)
(-150.000000 0.785625 0.509088)
(-149.500000 0.787644 0.520927)
(-149.000000 0.789663 0.532768)
(-148.500000 0.791681 0.544608)
(-148.000000 0.793700 0.556448)
(-147.500000 0.795719 0.568288)
(-147.000000 0.797737 0.580128)
(-146.500000 0.799756 0.591967)
(-146.000000 0.801775 0.603808)
(-145.500000 0.803794 0.615648)
(-145.000000 0.805813 0.627488)
(-144.500000 0.805313 0.639118)
(-144.000000 0.804812 0.650748)
(-143.500000 0.804312 0.662377)
(-143.000000 0.803813 0.674007)
(-142.500000 0.803312 0.685638)
(-142.000000 0.802812 0.697268)
(-141.500000 0.802312 0.708898)
(-141.000000 0.801813 0.720527)
(-140.500000 0.801312 0.732158)
(-140.000000 0.800812 0.743788)
(-139.500000 0.798113 0.754919)
(-139.000000 0.795413 0.766051)
(-138.500000 0.792713 0.777183)
(-138.000000 0.790013 0.788315)
(-137.500000 0.787312 0.799447)
(-137.000000 0.784613 0.810579)
(-136.500000 0.781913 0.821711)
(-136.000000 0.779212 0.832843)
(-135.500000 0.776513 0.843974)
(-135.000000 0.773813 0.855106)
(-134.500000 0.769113 0.865506)
(-134.000000 0.764413 0.875906)
(-133.500000 0.759712 0.886306)
(-133.000000 0.755012 0.896706)
(-132.500000 0.750313 0.907106)
(-132.000000 0.745612 0.917506)
(-131.500000 0.740912 0.927906)
(-131.000000 0.736213 0.938306)
(-130.500000 0.731512 0.948706)
(-130.000000 0.726812 0.959106)
(-129.500000 0.720413 0.968584)
(-129.000000 0.714012 0.978063)
(-128.500000 0.707612 0.987541)
(-128.000000 0.701212 0.997019)
(-127.500000 0.694812 1.006497)
(-127.000000 0.688412 1.015975)
(-126.500000 0.682013 1.025453)
(-126.000000 0.675612 1.034931)
(-125.500000 0.669213 1.044409)
(-125.000000 0.662813 1.053888)
(-124.500000 0.654913 1.062276)
(-124.000000 0.647012 1.070664)
(-123.500000 0.639112 1.079052)
(-123.000000 0.631213 1.087440)
(-122.500000 0.623313 1.095828)
(-122.000000 0.615413 1.104216)
(-121.500000 0.607513 1.112604)
(-121.000000 0.599612 1.120992)
(-120.500000 0.591712 1.129381)
(-120.000000 0.583812 1.137769)
(-119.500000 0.574794 1.144947)
(-119.000000 0.565775 1.152125)
(-118.500000 0.556756 1.159303)
(-118.000000 0.547737 1.166481)
(-117.500000 0.538719 1.173659)
(-117.000000 0.529700 1.180837)
(-116.500000 0.520681 1.188016)
(-116.000000 0.511663 1.195194)
(-115.500000 0.502644 1.202372)
(-115.000000 0.493625 1.209550)
(-114.500000 0.483506 1.215434)
(-114.000000 0.473388 1.221319)
(-113.500000 0.463269 1.227203)
(-113.000000 0.453150 1.233088)
(-112.500000 0.443031 1.238972)
(-112.000000 0.432912 1.244856)
(-111.500000 0.422794 1.250741)
(-111.000000 0.412675 1.256625)
(-110.500000 0.402556 1.262509)
(-110.000000 0.392437 1.268394)
(-109.500000 0.381619 1.272896)
(-109.000000 0.370800 1.277399)
(-108.500000 0.359981 1.281901)
(-108.000000 0.349162 1.286404)
(-107.500000 0.338344 1.290906)
(-107.000000 0.327525 1.295409)
(-106.500000 0.316706 1.299911)
(-106.000000 0.305887 1.304414)
(-105.500000 0.295069 1.308916)
(-105.000000 0.284250 1.313419)
(-104.500000 0.272913 1.316499)
(-104.000000 0.261575 1.319580)
(-103.500000 0.250237 1.322661)
(-103.000000 0.238900 1.325741)
(-102.500000 0.227562 1.328822)
(-102.000000 0.216225 1.331902)
(-101.500000 0.204888 1.334983)
(-101.000000 0.193550 1.338064)
(-100.500000 0.182212 1.341144)
(-100.000000 0.170875 1.344225)
(-99.500000 0.159138 1.345860)
(-99.000000 0.147400 1.347495)
(-98.500000 0.135662 1.349130)
(-98.000000 0.123925 1.350765)
(-97.500000 0.112187 1.352400)
(-97.000000 0.100450 1.354035)
(-96.500000 0.088712 1.355670)
(-96.000000 0.076975 1.357305)
(-95.500000 0.065238 1.358940)
(-95.000000 0.053500 1.360575)
(-94.500000 0.041581 1.360738)
(-94.000000 0.029662 1.360901)
(-93.500000 0.017744 1.361064)
(-93.000000 0.005825 1.361228)
(-92.500000 -0.006094 1.361391)
(-92.000000 -0.018013 1.361554)
(-91.500000 -0.029931 1.361717)
(-91.000000 -0.041850 1.361880)
(-90.500000 -0.053769 1.362043)
(-90.000000 -0.065688 1.362206)
(-89.500000 -0.077425 1.360906)
(-89.000000 -0.089163 1.359605)
(-88.500000 -0.100900 1.358304)
(-88.000000 -0.112638 1.357004)
(-87.500000 -0.124375 1.355703)
(-87.000000 -0.136112 1.354402)
(-86.500000 -0.147850 1.353102)
(-86.000000 -0.159587 1.351801)
(-85.500000 -0.171325 1.350501)
(-85.000000 -0.183062 1.349200)
(-84.500000 -0.194581 1.346456)
(-84.000000 -0.206100 1.343711)
(-83.500000 -0.217619 1.340967)
(-83.000000 -0.229137 1.338223)
(-82.500000 -0.240656 1.335478)
(-82.000000 -0.252175 1.332734)
(-81.500000 -0.263694 1.329989)
(-81.000000 -0.275212 1.327245)
(-80.500000 -0.286731 1.324501)
(-80.000000 -0.298250 1.321756)
(-79.500000 -0.309287 1.317600)
(-79.000000 -0.320325 1.313444)
(-78.500000 -0.331362 1.309287)
(-78.000000 -0.342400 1.305131)
(-77.500000 -0.353437 1.300975)
(-77.000000 -0.364475 1.296819)
(-76.500000 -0.375512 1.292662)
(-76.000000 -0.386550 1.288506)
(-75.500000 -0.397587 1.284350)
(-75.000000 -0.408625 1.280194)
(-74.500000 -0.418963 1.274664)
(-74.000000 -0.429300 1.269134)
(-73.500000 -0.439637 1.263604)
(-73.000000 -0.449975 1.258074)
(-72.500000 -0.460313 1.252544)
(-72.000000 -0.470650 1.247014)
(-71.500000 -0.480988 1.241484)
(-71.000000 -0.491325 1.235954)
(-70.500000 -0.501663 1.230424)
(-70.000000 -0.512000 1.224894)
(-69.500000 -0.521437 1.218086)
(-69.000000 -0.530875 1.211279)
(-68.500000 -0.540312 1.204471)
(-68.000000 -0.549750 1.197664)
(-67.500000 -0.559187 1.190856)
(-67.000000 -0.568625 1.184049)
(-66.500000 -0.578062 1.177241)
(-66.000000 -0.587500 1.170434)
(-65.500000 -0.596938 1.163626)
(-65.000000 -0.606375 1.156819)
(-64.500000 -0.614712 1.148799)
(-64.000000 -0.623050 1.140780)
(-63.500000 -0.631387 1.132761)
(-63.000000 -0.639725 1.124741)
(-62.500000 -0.648062 1.116722)
(-62.000000 -0.656400 1.108702)
(-61.500000 -0.664737 1.100683)
(-61.000000 -0.673075 1.092664)
(-60.500000 -0.681412 1.084644)
(-60.000000 -0.689750 1.076625)
(-59.500000 -0.696769 1.067520)
(-59.000000 -0.703788 1.058415)
(-58.500000 -0.710806 1.049310)
(-58.000000 -0.717825 1.040205)
(-57.500000 -0.724844 1.031100)
(-57.000000 -0.731863 1.021995)
(-56.500000 -0.738881 1.012890)
(-56.000000 -0.745900 1.003785)
(-55.500000 -0.752919 0.994680)
(-55.000000 -0.759938 0.985575)
(-54.500000 -0.765456 0.975536)
(-54.000000 -0.770975 0.965498)
(-53.500000 -0.776494 0.955459)
(-53.000000 -0.782012 0.945420)
(-52.500000 -0.787531 0.935381)
(-52.000000 -0.793050 0.925343)
(-51.500000 -0.798569 0.915304)
(-51.000000 -0.804087 0.905265)
(-50.500000 -0.809606 0.895226)
(-50.000000 -0.815125 0.885188)
(-49.500000 -0.818744 0.874385)
(-49.000000 -0.822363 0.863582)
(-48.500000 -0.825981 0.852780)
(-48.000000 -0.829600 0.841978)
(-47.500000 -0.833219 0.831175)
(-47.000000 -0.836838 0.820373)
(-46.500000 -0.840456 0.809570)
(-46.000000 -0.844075 0.798767)
(-45.500000 -0.847694 0.787965)
(-45.000000 -0.851313 0.777162)
(-44.500000 -0.852950 0.765816)
(-44.000000 -0.854588 0.754470)
(-43.500000 -0.856225 0.743124)
(-43.000000 -0.857863 0.731777)
(-42.500000 -0.859500 0.720431)
(-42.000000 -0.861137 0.709085)
(-41.500000 -0.862775 0.697739)
(-41.000000 -0.864413 0.686392)
(-40.500000 -0.866050 0.675046)
(-40.000000 -0.867687 0.663700)
(-39.500000 -0.867087 0.652080)
(-39.000000 -0.866488 0.640460)
(-38.500000 -0.865887 0.628840)
(-38.000000 -0.865287 0.617220)
(-37.500000 -0.864688 0.605600)
(-37.000000 -0.864088 0.593980)
(-36.500000 -0.863487 0.582360)
(-36.000000 -0.862888 0.570740)
(-35.500000 -0.862287 0.559120)
(-35.000000 -0.861688 0.547500)
(-34.500000 -0.858588 0.535906)
(-34.000000 -0.855488 0.524312)
(-33.500000 -0.852387 0.512719)
(-33.000000 -0.849287 0.501125)
(-32.500000 -0.846187 0.489531)
(-32.000000 -0.843087 0.477938)
(-31.500000 -0.839987 0.466344)
(-31.000000 -0.836887 0.454750)
(-30.500000 -0.833787 0.443156)
(-30.000000 -0.830687 0.431562)
(-29.500000 -0.831756 0.419463)
(-29.000000 -0.832825 0.407364)
(-28.500000 -0.833894 0.395264)
(-28.000000 -0.834963 0.383165)
(-27.500000 -0.836031 0.371066)
(-27.000000 -0.837100 0.358966)
(-26.500000 -0.838169 0.346867)
(-26.000000 -0.839237 0.334767)
(-25.500000 -0.840306 0.322668)
(-25.000000 -0.841375 0.310569)
(-24.500000 -0.848562 0.297850)
(-24.000000 -0.855750 0.285131)
(-23.500000 -0.864906 0.272297)
(-23.000000 -0.874062 0.259462)
(-22.500000 -0.884094 0.246541)
(-22.000000 -0.894125 0.233619)
(-21.500000 -0.905531 0.220741)
(-21.000000 -0.916938 0.207863)
(-20.500000 -0.929125 0.195037)
(-20.000000 -0.941312 0.182212)
(-19.500000 -0.953875 0.169550)
(-19.000000 -0.966438 0.156888)
(-18.500000 -0.978781 0.144428)
(-18.000000 -0.991125 0.131969)
(-17.500000 -1.025500 0.119334)
(-17.000000 -1.059875 0.106700)
(-16.500000 -1.075750 0.094094)
(-16.000000 -1.091625 0.081488)
(-15.500000 -1.091562 0.068937)
(-15.000000 -1.091500 0.056387)
(-14.500000 -1.083719 0.043862)
(-14.000000 -1.069098 0.032511)
(-13.500000 -1.045133 0.021240)
(-13.000000 -1.010606 0.019557)
(-12.500000 -0.961860 0.017752)
(-12.000000 -0.913089 0.015975)
(-11.500000 -0.868763 0.015744)
(-11.000000 -0.824438 0.015512)
(-10.500000 -0.778728 0.014959)
(-10.000000 -0.733018 0.014406)
(-9.500000 -0.671544 0.013124)
(-9.000000 -0.609752 0.011815)
(-8.500000 -0.547553 0.010668)
(-8.000000 -0.485770 0.009651)
(-7.500000 -0.430829 0.009159)
(-7.000000 -0.375544 0.008676)
(-6.500000 -0.317906 0.008494)
(-6.000000 -0.260438 0.008200)
(-5.500000 -0.201969 0.007928)
(-5.000000 -0.143875 0.007713)
(-4.500000 -0.077250 0.007353)
(-4.000000 -0.010813 0.007031)
(-3.500000 0.043844 0.006669)
(-3.000000 0.098687 0.006288)
(-2.500000 0.161281 0.005863)
(-2.000000 0.223687 0.005456)
(-1.500000 0.282219 0.005375)
(-1.000000 0.340750 0.005294)
(-0.500000 0.398687 0.005294)
(0.000000 0.456812 0.005294)
(0.500000 0.514750 0.005294)
(1.000000 0.572688 0.005312)
(1.500000 0.630437 0.005353)
(2.000000 0.688375 0.005413)
(2.500000 0.745938 0.005450)
(3.000000 0.803500 0.005488)
(3.500000 0.861062 0.005584)
(4.000000 0.916375 0.005719)
(4.500000 0.971656 0.006031)
(5.000000 1.026750 0.006400)
(5.500000 1.073500 0.007984)
(6.000000 1.119687 0.009513)
(6.500000 1.160187 0.010575)
(7.000000 1.200125 0.011637)
(7.500000 1.238687 0.012234)
(8.000000 1.275937 0.012831)
(8.500000 1.310250 0.013525)
(9.000000 1.340437 0.014444)
(9.500000 1.364438 0.015575)
(10.000000 1.377500 0.016969)
(10.500000 1.383687 0.027337)
(11.000000 1.391000 0.037625)
(11.500000 1.396688 0.047981)
(12.000000 1.403625 0.058581)
(12.500000 1.411125 0.069288)
(13.000000 1.417625 0.080200)
(13.500000 1.419250 0.091050)
(14.000000 1.415000 0.101644)
(14.500000 1.411938 0.112425)
(15.000000 1.413125 0.123075)
(15.500000 1.415875 0.133744)
(16.000000 1.417250 0.144544)
(16.500000 1.416250 0.155356)
(17.000000 1.413250 0.166050)
(17.500000 1.414438 0.176706)
(18.000000 1.421750 0.187481)
(18.500000 1.425000 0.198331)
(19.000000 1.421750 0.209094)
(19.500000 1.413438 0.219813)
(20.000000 1.406062 0.230550)
(20.500000 1.397719 0.241241)
(21.000000 1.386563 0.251950)
(21.500000 1.365094 0.263112)
(22.000000 1.343625 0.274275)
(22.500000 1.315156 0.285294)
(23.000000 1.286687 0.296312)
(23.500000 1.249781 0.307166)
(24.000000 1.212875 0.318019)
(24.500000 1.187437 0.327803)
(25.000000 1.162000 0.337587)
(25.500000 1.136844 0.347525)
(26.000000 1.111688 0.357463)
(26.500000 1.087609 0.367544)
(27.000000 1.063531 0.377625)
(27.500000 1.039453 0.387706)
(28.000000 1.015375 0.397787)
(28.500000 0.994719 0.408123)
(29.000000 0.974062 0.418459)
(29.500000 0.953406 0.428795)
(30.000000 0.932750 0.439131)
(30.500000 0.917156 0.449720)
(31.000000 0.901563 0.460309)
(31.500000 0.885969 0.470898)
(32.000000 0.870375 0.481487)
(32.500000 0.863240 0.492482)
(33.000000 0.856104 0.503477)
(33.500000 0.848969 0.514472)
(34.000000 0.841833 0.525467)
(34.500000 0.834698 0.536461)
(35.000000 0.827562 0.547456)
(35.500000 0.827944 0.559001)
(36.000000 0.828325 0.570545)
(36.500000 0.828706 0.582089)
(37.000000 0.829087 0.593634)
(37.500000 0.829469 0.605178)
(38.000000 0.829850 0.616722)
(38.500000 0.830231 0.628267)
(39.000000 0.830613 0.639811)
(39.500000 0.830994 0.651356)
(40.000000 0.831375 0.662900)
(40.500000 0.830069 0.674309)
(41.000000 0.828762 0.685718)
(41.500000 0.827456 0.697126)
(42.000000 0.826150 0.708535)
(42.500000 0.824844 0.719944)
(43.000000 0.823538 0.731352)
(43.500000 0.822231 0.742761)
(44.000000 0.820925 0.754170)
(44.500000 0.819619 0.765579)
(45.000000 0.818312 0.776987)
(45.500000 0.815050 0.788023)
(46.000000 0.811787 0.799059)
(46.500000 0.808525 0.810094)
(47.000000 0.805262 0.821130)
(47.500000 0.802000 0.832166)
(48.000000 0.798737 0.843201)
(48.500000 0.795475 0.854237)
(49.000000 0.792212 0.865272)
(49.500000 0.788950 0.876308)
(50.000000 0.785687 0.887344)
(50.500000 0.780769 0.897823)
(51.000000 0.775850 0.908302)
(51.500000 0.770931 0.918782)
(52.000000 0.766012 0.929261)
(52.500000 0.761094 0.939741)
(53.000000 0.756175 0.950220)
(53.500000 0.751256 0.960699)
(54.000000 0.746337 0.971179)
(54.500000 0.741419 0.981658)
(55.000000 0.736500 0.992138)
(55.500000 0.730025 1.001922)
(56.000000 0.723550 1.011706)
(56.500000 0.717075 1.021491)
(57.000000 0.710600 1.031275)
(57.500000 0.704125 1.041059)
(58.000000 0.697650 1.050844)
(58.500000 0.691175 1.060628)
(59.000000 0.684700 1.070412)
(59.500000 0.678225 1.080197)
(60.000000 0.671750 1.089981)
(60.500000 0.663975 1.098939)
(61.000000 0.656200 1.107896)
(61.500000 0.648425 1.116854)
(62.000000 0.640650 1.125811)
(62.500000 0.632875 1.134769)
(63.000000 0.625100 1.143726)
(63.500000 0.617325 1.152684)
(64.000000 0.609550 1.161641)
(64.500000 0.601775 1.170599)
(65.000000 0.594000 1.179556)
(65.500000 0.584944 1.187591)
(66.000000 0.575887 1.195626)
(66.500000 0.566831 1.203661)
(67.000000 0.557775 1.211696)
(67.500000 0.548719 1.219731)
(68.000000 0.539662 1.227766)
(68.500000 0.530606 1.235801)
(69.000000 0.521550 1.243836)
(69.500000 0.512494 1.251871)
(70.000000 0.503437 1.259906)
(70.500000 0.493400 1.266913)
(71.000000 0.483363 1.273919)
(71.500000 0.473325 1.280925)
(72.000000 0.463287 1.287931)
(72.500000 0.453250 1.294938)
(73.000000 0.443213 1.301944)
(73.500000 0.433175 1.308950)
(74.000000 0.423137 1.315956)
(74.500000 0.413100 1.322963)
(75.000000 0.403062 1.329969)
(75.500000 0.392100 1.335799)
(76.000000 0.381138 1.341629)
(76.500000 0.370175 1.347459)
(77.000000 0.359213 1.353289)
(77.500000 0.348250 1.359119)
(78.000000 0.337287 1.364949)
(78.500000 0.326325 1.370779)
(79.000000 0.315362 1.376609)
(79.500000 0.304400 1.382439)
(80.000000 0.293437 1.388269)
(80.500000 0.281750 1.392705)
(81.000000 0.270063 1.397141)
(81.500000 0.258375 1.401577)
(82.000000 0.246688 1.406014)
(82.500000 0.235000 1.410450)
(83.000000 0.223312 1.414886)
(83.500000 0.211625 1.419323)
(84.000000 0.199937 1.423759)
(84.500000 0.188250 1.428195)
(85.000000 0.176562 1.432631)
(85.500000 0.164206 1.434919)
(86.000000 0.151850 1.437206)
(86.500000 0.139494 1.439494)
(87.000000 0.127137 1.441781)
(87.500000 0.114781 1.444069)
(88.000000 0.102425 1.446356)
(88.500000 0.090069 1.448644)
(89.000000 0.077712 1.450931)
(89.500000 0.065356 1.453219)
(90.000000 0.053000 1.455506)
(90.500000 0.040319 1.455186)
(91.000000 0.027637 1.454866)
(91.500000 0.014956 1.454546)
(92.000000 0.002275 1.454226)
(92.500000 -0.010406 1.453906)
(93.000000 -0.023087 1.453586)
(93.500000 -0.035769 1.453266)
(94.000000 -0.048450 1.452946)
(94.500000 -0.061131 1.452626)
(95.000000 -0.073813 1.452306)
(95.500000 -0.086312 1.450430)
(96.000000 -0.098813 1.448554)
(96.500000 -0.111312 1.446677)
(97.000000 -0.123812 1.444801)
(97.500000 -0.136313 1.442925)
(98.000000 -0.148813 1.441049)
(98.500000 -0.161312 1.439173)
(99.000000 -0.173813 1.437296)
(99.500000 -0.186313 1.435420)
(100.000000 -0.198813 1.433544)
(100.500000 -0.210994 1.430136)
(101.000000 -0.223175 1.426728)
(101.500000 -0.235356 1.423319)
(102.000000 -0.247538 1.419911)
(102.500000 -0.259719 1.416503)
(103.000000 -0.271900 1.413095)
(103.500000 -0.284081 1.409687)
(104.000000 -0.296263 1.406279)
(104.500000 -0.308444 1.402871)
(105.000000 -0.320625 1.399463)
(105.500000 -0.332125 1.394546)
(106.000000 -0.343625 1.389630)
(106.500000 -0.355125 1.384714)
(107.000000 -0.366625 1.379798)
(107.500000 -0.378125 1.374881)
(108.000000 -0.389625 1.369965)
(108.500000 -0.401125 1.365049)
(109.000000 -0.412625 1.360132)
(109.500000 -0.424125 1.355216)
(110.000000 -0.435625 1.350300)
(110.500000 -0.446325 1.343926)
(111.000000 -0.457025 1.337551)
(111.500000 -0.467725 1.331177)
(112.000000 -0.478425 1.324803)
(112.500000 -0.489125 1.318428)
(113.000000 -0.499825 1.312054)
(113.500000 -0.510525 1.305679)
(114.000000 -0.521225 1.299305)
(114.500000 -0.531925 1.292931)
(115.000000 -0.542625 1.286556)
(115.500000 -0.552306 1.278812)
(116.000000 -0.561987 1.271068)
(116.500000 -0.571669 1.263323)
(117.000000 -0.581350 1.255579)
(117.500000 -0.591031 1.247834)
(118.000000 -0.600713 1.240090)
(118.500000 -0.610394 1.232346)
(119.000000 -0.620075 1.224601)
(119.500000 -0.629756 1.216857)
(120.000000 -0.639437 1.209113)
(120.500000 -0.647738 1.200088)
(121.000000 -0.656038 1.191064)
(121.500000 -0.664338 1.182039)
(122.000000 -0.672637 1.173015)
(122.500000 -0.680937 1.163991)
(123.000000 -0.689238 1.154966)
(123.500000 -0.697538 1.145942)
(124.000000 -0.705837 1.136917)
(124.500000 -0.714137 1.127893)
(125.000000 -0.722437 1.118869)
(125.500000 -0.729137 1.108706)
(126.000000 -0.735838 1.098544)
(126.500000 -0.742537 1.088381)
(127.000000 -0.749238 1.078219)
(127.500000 -0.755938 1.068056)
(128.000000 -0.762637 1.057894)
(128.500000 -0.769338 1.047731)
(129.000000 -0.776038 1.037569)
(129.500000 -0.782738 1.027406)
(130.000000 -0.789438 1.017244)
(130.500000 -0.794419 1.006101)
(131.000000 -0.799400 0.994959)
(131.500000 -0.804381 0.983816)
(132.000000 -0.809362 0.972674)
(132.500000 -0.814344 0.961531)
(133.000000 -0.819325 0.950389)
(133.500000 -0.824306 0.939246)
(134.000000 -0.829288 0.928104)
(134.500000 -0.834269 0.916961)
(135.000000 -0.839250 0.905819)
(135.500000 -0.842050 0.893898)
(136.000000 -0.844850 0.881977)
(136.500000 -0.847650 0.870057)
(137.000000 -0.850450 0.858136)
(137.500000 -0.853250 0.846216)
(138.000000 -0.856050 0.834295)
(138.500000 -0.858850 0.822374)
(139.000000 -0.861650 0.810454)
(139.500000 -0.864450 0.798533)
(140.000000 -0.867250 0.786612)
(140.500000 -0.867669 0.774180)
(141.000000 -0.868088 0.761748)
(141.500000 -0.868506 0.749315)
(142.000000 -0.868925 0.736882)
(142.500000 -0.869344 0.724450)
(143.000000 -0.869762 0.712017)
(143.500000 -0.870181 0.699585)
(144.000000 -0.870600 0.687153)
(144.500000 -0.871019 0.674720)
(145.000000 -0.871437 0.662287)
(145.500000 -0.869237 0.649657)
(146.000000 -0.867038 0.637026)
(146.500000 -0.864837 0.624396)
(147.000000 -0.862637 0.611765)
(147.500000 -0.860438 0.599134)
(148.000000 -0.858237 0.586504)
(148.500000 -0.856038 0.573873)
(149.000000 -0.853838 0.561242)
(149.500000 -0.851637 0.548612)
(150.000000 -0.849437 0.535981)
(150.500000 -0.844237 0.523519)
(151.000000 -0.839038 0.511056)
(151.500000 -0.833838 0.498594)
(152.000000 -0.828638 0.486131)
(152.500000 -0.823438 0.473669)
(153.000000 -0.818238 0.461206)
(153.500000 -0.813037 0.448744)
(154.000000 -0.807837 0.436281)
(154.500000 -0.802638 0.423819)
(155.000000 -0.797438 0.411356)
(155.500000 -0.789038 0.399514)
(156.000000 -0.780638 0.387671)
(156.500000 -0.772237 0.375829)
(157.000000 -0.763837 0.363986)
(157.500000 -0.755437 0.352144)
(158.000000 -0.747038 0.340301)
(158.500000 -0.738638 0.328459)
(159.000000 -0.730237 0.316616)
(159.500000 -0.721838 0.304774)
(160.000000 -0.713437 0.292931)
(160.500000 -0.715581 0.283138)
(161.000000 -0.717725 0.273344)
(161.500000 -0.719869 0.263551)
(162.000000 -0.722013 0.253758)
(162.500000 -0.724156 0.243964)
(163.000000 -0.726300 0.234171)
(163.500000 -0.728444 0.224377)
(164.000000 -0.730588 0.214584)
(164.500000 -0.732731 0.204790)
(165.000000 -0.734875 0.194997)
(165.500000 -0.737019 0.185203)
(166.000000 -0.739162 0.175410)
(166.500000 -0.741306 0.165617)
(167.000000 -0.743450 0.155823)
(167.500000 -0.745594 0.146030)
(168.000000 -0.747737 0.136236)
(168.500000 -0.749881 0.126443)
(169.000000 -0.752025 0.116649)
(169.500000 -0.754169 0.106856)
(170.000000 -0.756312 0.097063)
(170.500000 -0.718456 0.090696)
(171.000000 -0.680600 0.084330)
(171.500000 -0.642744 0.077964)
(172.000000 -0.604888 0.071598)
(172.500000 -0.567031 0.065231)
(173.000000 -0.529175 0.058865)
(173.500000 -0.491319 0.052499)
(174.000000 -0.453462 0.046132)
(174.500000 -0.415606 0.039766)
(175.000000 -0.377750 0.033400)
(175.500000 -0.339975 0.032016)
(176.000000 -0.302200 0.030631)
(176.500000 -0.264425 0.029247)
(177.000000 -0.226650 0.027862)
(177.500000 -0.188875 0.026478)
(178.000000 -0.151100 0.025094)
(178.500000 -0.113325 0.023709)
(179.000000 -0.075550 0.022325)
(179.500000 -0.037775 0.020941)
(180.000000 0.000000 0.019556)
