// Polars table of section_7 for NREL 5MW 
// AOA    Cl    Cd 
(-180.000000 0.000000 0.081935)
(-179.500000 0.020165 0.082832)
(-179.000000 0.040330 0.083729)
(-178.500000 0.060495 0.084627)
(-178.000000 0.080660 0.085524)
(-177.500000 0.100825 0.086421)
(-177.000000 0.120990 0.087318)
(-176.500000 0.141155 0.088216)
(-176.000000 0.161320 0.089113)
(-175.500000 0.181485 0.090010)
(-175.000000 0.201650 0.090907)
(-174.500000 0.218208 0.094681)
(-174.000000 0.234765 0.098455)
(-173.500000 0.251323 0.102229)
(-173.000000 0.267880 0.106003)
(-172.500000 0.284438 0.109777)
(-172.000000 0.300995 0.113551)
(-171.500000 0.317553 0.117325)
(-171.000000 0.334110 0.121099)
(-170.500000 0.350668 0.124873)
(-170.000000 0.367225 0.128647)
(-169.500000 0.378557 0.137611)
(-169.000000 0.389888 0.146574)
(-168.500000 0.401219 0.155537)
(-168.000000 0.412550 0.164500)
(-167.500000 0.423882 0.173464)
(-167.000000 0.435213 0.182427)
(-166.500000 0.446544 0.191390)
(-166.000000 0.457875 0.200353)
(-165.500000 0.469207 0.209317)
(-165.000000 0.480538 0.218280)
(-164.500000 0.491869 0.227243)
(-164.000000 0.503200 0.236206)
(-163.500000 0.514532 0.245170)
(-163.000000 0.525863 0.254133)
(-162.500000 0.537194 0.263096)
(-162.000000 0.548525 0.272059)
(-161.500000 0.559857 0.281023)
(-161.000000 0.571188 0.289986)
(-160.500000 0.582519 0.298949)
(-160.000000 0.593850 0.307912)
(-159.500000 0.600603 0.318402)
(-159.000000 0.607355 0.328891)
(-158.500000 0.614108 0.339381)
(-158.000000 0.620860 0.349870)
(-157.500000 0.627613 0.360360)
(-157.000000 0.634366 0.370850)
(-156.500000 0.641118 0.381339)
(-156.000000 0.647871 0.391829)
(-155.500000 0.654623 0.402318)
(-155.000000 0.661376 0.412808)
(-154.500000 0.665261 0.423686)
(-154.000000 0.669146 0.434564)
(-153.500000 0.673031 0.445442)
(-153.000000 0.676916 0.456320)
(-152.500000 0.680801 0.467198)
(-152.000000 0.684686 0.478076)
(-151.500000 0.688571 0.488954)
(-151.000000 0.692456 0.499832)
(-150.500000 0.696341 0.510710)
(-150.000000 0.700226 0.521588)
(-149.500000 0.701613 0.532503)
(-149.000000 0.703001 0.543418)
(-148.500000 0.704388 0.554333)
(-148.000000 0.705776 0.565248)
(-147.500000 0.707163 0.576163)
(-147.000000 0.708551 0.587078)
(-146.500000 0.709938 0.597993)
(-146.000000 0.711326 0.608908)
(-145.500000 0.712713 0.619823)
(-145.000000 0.714101 0.630738)
(-144.500000 0.713176 0.641375)
(-144.000000 0.712251 0.652013)
(-143.500000 0.711326 0.662650)
(-143.000000 0.710401 0.673288)
(-142.500000 0.709476 0.683925)
(-142.000000 0.708551 0.694563)
(-141.500000 0.707626 0.705200)
(-141.000000 0.706701 0.715838)
(-140.500000 0.705776 0.726475)
(-140.000000 0.704851 0.737113)
(-139.500000 0.701983 0.747214)
(-139.000000 0.699116 0.757315)
(-138.500000 0.696248 0.767416)
(-138.000000 0.693381 0.777517)
(-137.500000 0.690513 0.787618)
(-137.000000 0.687646 0.797719)
(-136.500000 0.684778 0.807820)
(-136.000000 0.681911 0.817921)
(-135.500000 0.679043 0.828022)
(-135.000000 0.676176 0.838123)
(-134.500000 0.671458 0.847475)
(-134.000000 0.666741 0.856826)
(-133.500000 0.662023 0.866178)
(-133.000000 0.657306 0.875530)
(-132.500000 0.652588 0.884882)
(-132.000000 0.647871 0.894233)
(-131.500000 0.643153 0.903585)
(-131.000000 0.638436 0.912937)
(-130.500000 0.633718 0.922289)
(-130.000000 0.629000 0.931640)
(-129.500000 0.622803 0.940076)
(-129.000000 0.616605 0.948512)
(-128.500000 0.610408 0.956948)
(-128.000000 0.604210 0.965384)
(-127.500000 0.598013 0.973820)
(-127.000000 0.591815 0.982257)
(-126.500000 0.585618 0.990693)
(-126.000000 0.579420 0.999129)
(-125.500000 0.573223 1.007565)
(-125.000000 0.567025 1.016001)
(-124.500000 0.559533 1.023391)
(-124.000000 0.552040 1.030782)
(-123.500000 0.544548 1.038173)
(-123.000000 0.537055 1.045564)
(-122.500000 0.529563 1.052954)
(-122.000000 0.522070 1.060345)
(-121.500000 0.514578 1.067736)
(-121.000000 0.507085 1.075127)
(-120.500000 0.499593 1.082517)
(-120.000000 0.492100 1.089908)
(-119.500000 0.483498 1.096152)
(-119.000000 0.474895 1.102396)
(-118.500000 0.466293 1.108639)
(-118.000000 0.457690 1.114883)
(-117.500000 0.449088 1.121127)
(-117.000000 0.440485 1.127371)
(-116.500000 0.431883 1.133614)
(-116.000000 0.423280 1.139858)
(-115.500000 0.414678 1.146102)
(-115.000000 0.406075 1.152346)
(-114.500000 0.396640 1.157359)
(-114.000000 0.387205 1.162373)
(-113.500000 0.377770 1.167386)
(-113.000000 0.368335 1.172400)
(-112.500000 0.358900 1.177413)
(-112.000000 0.349465 1.182427)
(-111.500000 0.340030 1.187440)
(-111.000000 0.330595 1.192454)
(-110.500000 0.321160 1.197467)
(-110.000000 0.311725 1.202481)
(-109.500000 0.301643 1.206199)
(-109.000000 0.291560 1.209918)
(-108.500000 0.281478 1.213636)
(-108.000000 0.271395 1.217355)
(-107.500000 0.261313 1.221073)
(-107.000000 0.251230 1.224792)
(-106.500000 0.241148 1.228510)
(-106.000000 0.231065 1.232229)
(-105.500000 0.220983 1.235947)
(-105.000000 0.210900 1.239666)
(-104.500000 0.200355 1.242071)
(-104.000000 0.189810 1.244476)
(-103.500000 0.179265 1.246881)
(-103.000000 0.168720 1.249286)
(-102.500000 0.158175 1.251691)
(-102.000000 0.147630 1.254096)
(-101.500000 0.137085 1.256501)
(-101.000000 0.126540 1.258906)
(-100.500000 0.115995 1.261311)
(-100.000000 0.105450 1.263716)
(-99.500000 0.094720 1.264770)
(-99.000000 0.083990 1.265825)
(-98.500000 0.073260 1.266879)
(-98.000000 0.062530 1.267934)
(-97.500000 0.051800 1.268988)
(-97.000000 0.041070 1.270043)
(-96.500000 0.030340 1.271097)
(-96.000000 0.019610 1.272152)
(-95.500000 0.008880 1.273206)
(-95.000000 -0.001850 1.274261)
(-94.500000 -0.012765 1.273965)
(-94.000000 -0.023680 1.273669)
(-93.500000 -0.034595 1.273373)
(-93.000000 -0.045510 1.273077)
(-92.500000 -0.056425 1.272781)
(-92.000000 -0.067340 1.272485)
(-91.500000 -0.078255 1.272189)
(-91.000000 -0.089170 1.271893)
(-90.500000 -0.100085 1.271597)
(-90.000000 -0.111000 1.271301)
(-89.500000 -0.121730 1.269663)
(-89.000000 -0.132460 1.268026)
(-88.500000 -0.143190 1.266389)
(-88.000000 -0.153920 1.264752)
(-87.500000 -0.164650 1.263114)
(-87.000000 -0.175380 1.261477)
(-86.500000 -0.186110 1.259840)
(-86.000000 -0.196840 1.258203)
(-85.500000 -0.207570 1.256565)
(-85.000000 -0.218300 1.254928)
(-84.500000 -0.228753 1.251977)
(-84.000000 -0.239205 1.249027)
(-83.500000 -0.249658 1.246076)
(-83.000000 -0.260110 1.243125)
(-82.500000 -0.270563 1.240174)
(-82.000000 -0.281015 1.237224)
(-81.500000 -0.291468 1.234273)
(-81.000000 -0.301920 1.231322)
(-80.500000 -0.312373 1.228371)
(-80.000000 -0.322825 1.225421)
(-79.500000 -0.332723 1.221193)
(-79.000000 -0.342620 1.216966)
(-78.500000 -0.352518 1.212739)
(-78.000000 -0.362415 1.208512)
(-77.500000 -0.372313 1.204284)
(-77.000000 -0.382210 1.200057)
(-76.500000 -0.392108 1.195830)
(-76.000000 -0.402005 1.191603)
(-75.500000 -0.411903 1.187375)
(-75.000000 -0.421800 1.183148)
(-74.500000 -0.431143 1.177700)
(-74.000000 -0.440485 1.172252)
(-73.500000 -0.449828 1.166803)
(-73.000000 -0.459170 1.161355)
(-72.500000 -0.468513 1.155907)
(-72.000000 -0.477855 1.150459)
(-71.500000 -0.487198 1.145010)
(-71.000000 -0.496540 1.139562)
(-70.500000 -0.505883 1.134114)
(-70.000000 -0.515225 1.128666)
(-69.500000 -0.523550 1.122061)
(-69.000000 -0.531875 1.115457)
(-68.500000 -0.540200 1.108852)
(-68.000000 -0.548525 1.102248)
(-67.500000 -0.556850 1.095643)
(-67.000000 -0.565175 1.089039)
(-66.500000 -0.573500 1.082434)
(-66.000000 -0.581825 1.075830)
(-65.500000 -0.590150 1.069225)
(-65.000000 -0.598475 1.062621)
(-64.500000 -0.605875 1.054962)
(-64.000000 -0.613275 1.047303)
(-63.500000 -0.620675 1.039644)
(-63.000000 -0.628075 1.031985)
(-62.500000 -0.635476 1.024326)
(-62.000000 -0.642876 1.016667)
(-61.500000 -0.650276 1.009008)
(-61.000000 -0.657676 1.001349)
(-60.500000 -0.665076 0.993690)
(-60.000000 -0.672476 0.986031)
(-59.500000 -0.678488 0.977428)
(-59.000000 -0.684501 0.968825)
(-58.500000 -0.690513 0.960223)
(-58.000000 -0.696526 0.951620)
(-57.500000 -0.702538 0.943018)
(-57.000000 -0.708551 0.934415)
(-56.500000 -0.714563 0.925813)
(-56.000000 -0.720576 0.917210)
(-55.500000 -0.726588 0.908608)
(-55.000000 -0.732601 0.900005)
(-54.500000 -0.737226 0.890598)
(-54.000000 -0.741851 0.881191)
(-53.500000 -0.746476 0.871784)
(-53.000000 -0.751101 0.862376)
(-52.500000 -0.755726 0.852969)
(-52.000000 -0.760351 0.843562)
(-51.500000 -0.764976 0.834155)
(-51.000000 -0.769601 0.824747)
(-50.500000 -0.774226 0.815340)
(-50.000000 -0.778851 0.805933)
(-49.500000 -0.781811 0.795906)
(-49.000000 -0.784771 0.785879)
(-48.500000 -0.787731 0.775852)
(-48.000000 -0.790691 0.765825)
(-47.500000 -0.793651 0.755798)
(-47.000000 -0.796611 0.745771)
(-46.500000 -0.799571 0.735744)
(-46.000000 -0.802531 0.725717)
(-45.500000 -0.805491 0.715690)
(-45.000000 -0.808451 0.705663)
(-44.500000 -0.809561 0.695210)
(-44.000000 -0.810671 0.684758)
(-43.500000 -0.811781 0.674305)
(-43.000000 -0.812891 0.663853)
(-42.500000 -0.814001 0.653400)
(-42.000000 -0.815111 0.642948)
(-41.500000 -0.816221 0.632495)
(-41.000000 -0.817331 0.622043)
(-40.500000 -0.818441 0.611590)
(-40.000000 -0.819551 0.601138)
(-39.500000 -0.818533 0.590519)
(-39.000000 -0.817516 0.579900)
(-38.500000 -0.816498 0.569281)
(-38.000000 -0.815481 0.558662)
(-37.500000 -0.814463 0.548043)
(-37.000000 -0.813446 0.537424)
(-36.500000 -0.812428 0.526805)
(-36.000000 -0.811411 0.516186)
(-35.500000 -0.810393 0.505567)
(-35.000000 -0.809376 0.494948)
(-34.500000 -0.806046 0.484449)
(-34.000000 -0.802716 0.473950)
(-33.500000 -0.799386 0.463451)
(-33.000000 -0.796056 0.452953)
(-32.500000 -0.792726 0.442454)
(-32.000000 -0.789396 0.431955)
(-31.500000 -0.786066 0.421456)
(-31.000000 -0.782736 0.410958)
(-30.500000 -0.779406 0.400459)
(-30.000000 -0.776076 0.389960)
(-29.500000 -0.770341 0.379942)
(-29.000000 -0.764606 0.369925)
(-28.500000 -0.758871 0.359907)
(-28.000000 -0.753136 0.349889)
(-27.500000 -0.747401 0.339871)
(-27.000000 -0.741666 0.329853)
(-26.500000 -0.735931 0.319836)
(-26.000000 -0.730196 0.309818)
(-25.500000 -0.724461 0.299800)
(-25.000000 -0.718726 0.289782)
(-24.500000 -0.711326 0.280209)
(-24.000000 -0.703926 0.270635)
(-23.500000 -0.696063 0.261292)
(-23.000000 -0.688201 0.251950)
(-22.500000 -0.679413 0.242792)
(-22.000000 -0.670626 0.233635)
(-21.500000 -0.661838 0.224709)
(-21.000000 -0.653051 0.215782)
(-20.500000 -0.643338 0.207087)
(-20.000000 -0.633626 0.198392)
(-19.500000 -0.622988 0.190345)
(-19.000000 -0.612350 0.182297)
(-18.500000 -0.599863 0.175175)
(-18.000000 -0.587375 0.168052)
(-17.500000 -0.573500 0.161809)
(-17.000000 -0.559625 0.155565)
(-16.500000 -0.543900 0.150154)
(-16.000000 -0.528175 0.144742)
(-15.500000 -0.511063 0.140210)
(-15.000000 -0.493950 0.135677)
(-14.500000 -0.475450 0.131885)
(-14.000000 -0.456950 0.128092)
(-13.500000 -0.437525 0.125086)
(-13.000000 -0.418100 0.122080)
(-12.500000 -0.397288 0.119767)
(-12.000000 -0.376475 0.117455)
(-11.500000 -0.354738 0.115836)
(-11.000000 -0.333000 0.114217)
(-10.500000 -0.310338 0.113292)
(-10.000000 -0.287675 0.112367)
(-9.500000 -0.263856 0.112344)
(-9.000000 -0.240038 0.112321)
(-8.500000 -0.216219 0.112298)
(-8.000000 -0.192400 0.112275)
(-7.500000 -0.169969 0.106702)
(-7.000000 -0.147538 0.101129)
(-6.500000 -0.125106 0.095555)
(-6.000000 -0.102675 0.089982)
(-5.500000 -0.083250 0.083045)
(-5.000000 -0.066600 0.076847)
(-4.500000 -0.060125 0.070650)
(-4.000000 -0.049950 0.064267)
(-3.500000 -0.015725 0.058532)
(-3.000000 0.002775 0.053907)
(-2.500000 0.012950 0.049837)
(-2.000000 0.008325 0.044565)
(-1.500000 0.003700 0.041420)
(-1.000000 0.033300 0.039847)
(-0.500000 0.067525 0.038922)
(0.000000 0.126725 0.036702)
(0.500000 0.197025 0.036795)
(1.000000 0.270100 0.037165)
(1.500000 0.341325 0.037535)
(2.000000 0.410700 0.037720)
(2.500000 0.475450 0.037720)
(3.000000 0.536500 0.037627)
(3.500000 0.596625 0.037350)
(4.000000 0.656751 0.037257)
(4.500000 0.717801 0.037535)
(5.000000 0.777926 0.037812)
(5.500000 0.836201 0.038182)
(6.000000 0.894476 0.038737)
(6.500000 0.949976 0.039570)
(7.000000 1.002701 0.040865)
(7.500000 1.054501 0.042345)
(8.000000 1.103526 0.044565)
(8.500000 1.148851 0.047617)
(9.000000 1.190476 0.051687)
(9.500000 1.233026 0.056127)
(10.000000 1.265401 0.062602)
(10.500000 1.295001 0.070187)
(11.000000 1.318126 0.079900)
(11.500000 1.340326 0.090167)
(12.000000 1.362526 0.101730)
(12.500000 1.381951 0.116252)
(13.000000 1.399526 0.130682)
(13.500000 1.422651 0.145390)
(14.000000 1.445314 0.162132)
(14.500000 1.467976 0.178875)
(15.000000 1.492951 0.196912)
(15.500000 1.508676 0.216060)
(16.000000 1.525326 0.234375)
(16.500000 1.541051 0.254447)
(17.000000 1.554926 0.274520)
(17.500000 1.571576 0.294500)
(18.000000 1.590076 0.314942)
(18.500000 1.604876 0.334969)
(19.000000 1.619676 0.354995)
(19.500000 1.634476 0.376178)
(20.000000 1.648814 0.396019)
(20.500000 1.663151 0.415860)
(21.000000 1.674251 0.434638)
(21.500000 1.683501 0.453831)
(22.000000 1.692751 0.473025)
(22.500000 1.700614 0.492774)
(23.000000 1.708476 0.512523)
(23.500000 1.714951 0.532734)
(24.000000 1.721426 0.552945)
(24.500000 1.726514 0.573619)
(25.000000 1.731601 0.594293)
(25.500000 1.735764 0.615198)
(26.000000 1.739926 0.636103)
(26.500000 1.742933 0.657378)
(27.000000 1.745939 0.678653)
(27.500000 1.748945 0.699928)
(28.000000 1.751951 0.721203)
(28.500000 1.754264 0.742663)
(29.000000 1.756576 0.764123)
(29.500000 1.758889 0.785583)
(30.000000 1.761201 0.807043)
(30.500000 1.763745 0.828387)
(31.000000 1.766289 0.849732)
(31.500000 1.768833 0.871076)
(32.000000 1.771376 0.892420)
(32.500000 1.773535 0.913356)
(33.000000 1.775693 0.934292)
(33.500000 1.777851 0.955228)
(34.000000 1.780010 0.976164)
(34.500000 1.782168 0.997100)
(35.000000 1.784326 1.018036)
(35.500000 1.781921 1.037932)
(36.000000 1.779516 1.057829)
(36.500000 1.777111 1.077726)
(37.000000 1.774706 1.097623)
(37.500000 1.772301 1.117519)
(38.000000 1.769896 1.137416)
(38.500000 1.767491 1.157313)
(39.000000 1.765086 1.177210)
(39.500000 1.762681 1.197106)
(40.000000 1.760276 1.217003)
(40.500000 1.752599 1.234791)
(41.000000 1.744921 1.252579)
(41.500000 1.737244 1.270366)
(42.000000 1.729566 1.288154)
(42.500000 1.721889 1.305942)
(43.000000 1.714211 1.323730)
(43.500000 1.706534 1.341518)
(44.000000 1.698856 1.359305)
(44.500000 1.691179 1.377093)
(45.000000 1.683501 1.394881)
(45.500000 1.671476 1.409727)
(46.000000 1.659451 1.424573)
(46.500000 1.647426 1.439420)
(47.000000 1.635401 1.454266)
(47.500000 1.623376 1.469112)
(48.000000 1.611351 1.483958)
(48.500000 1.599326 1.498805)
(49.000000 1.587301 1.513651)
(49.500000 1.575276 1.528497)
(50.000000 1.563251 1.543343)
(50.500000 1.547711 1.554517)
(51.000000 1.532171 1.565691)
(51.500000 1.516631 1.576865)
(52.000000 1.501091 1.588039)
(52.500000 1.485551 1.599213)
(53.000000 1.470011 1.610387)
(53.500000 1.454471 1.621562)
(54.000000 1.438931 1.632736)
(54.500000 1.423391 1.643910)
(55.000000 1.407851 1.655084)
(55.500000 1.389444 1.662030)
(56.000000 1.371036 1.668977)
(56.500000 1.352629 1.675924)
(57.000000 1.334221 1.682871)
(57.500000 1.315814 1.689817)
(58.000000 1.297406 1.696764)
(58.500000 1.278999 1.703711)
(59.000000 1.260591 1.710658)
(59.500000 1.242183 1.717604)
(60.000000 1.223776 1.724551)
(60.500000 1.203703 1.726901)
(61.000000 1.183631 1.729250)
(61.500000 1.163558 1.731600)
(62.000000 1.143486 1.733949)
(62.500000 1.123413 1.736299)
(63.000000 1.103341 1.738648)
(63.500000 1.083268 1.740998)
(64.000000 1.063196 1.743347)
(64.500000 1.043123 1.745697)
(65.000000 1.023051 1.748046)
(65.500000 1.002146 1.745576)
(66.000000 0.981241 1.743107)
(66.500000 0.960336 1.740637)
(67.000000 0.939431 1.738167)
(67.500000 0.918526 1.735697)
(68.000000 0.897621 1.733228)
(68.500000 0.876716 1.730758)
(69.000000 0.855811 1.728288)
(69.500000 0.834906 1.725818)
(70.000000 0.814001 1.723349)
(70.500000 0.793466 1.716134)
(71.000000 0.772931 1.708919)
(71.500000 0.752396 1.701704)
(72.000000 0.731861 1.694489)
(72.500000 0.711326 1.687274)
(73.000000 0.690791 1.680059)
(73.500000 0.670256 1.672844)
(74.000000 0.649721 1.665629)
(74.500000 0.629185 1.658414)
(75.000000 0.608650 1.651199)
(75.500000 0.589318 1.639793)
(76.000000 0.569985 1.628388)
(76.500000 0.550653 1.616983)
(77.000000 0.531320 1.605577)
(77.500000 0.511988 1.594172)
(78.000000 0.492655 1.582767)
(78.500000 0.473323 1.571362)
(79.000000 0.453990 1.559956)
(79.500000 0.434658 1.548551)
(80.000000 0.415325 1.537146)
(80.500000 0.398490 1.523391)
(81.000000 0.381655 1.509636)
(81.500000 0.364820 1.495882)
(82.000000 0.347985 1.482127)
(82.500000 0.331150 1.468372)
(83.000000 0.314315 1.454617)
(83.500000 0.297480 1.440863)
(84.000000 0.280645 1.427108)
(84.500000 0.263810 1.413353)
(85.000000 0.246975 1.399598)
(85.500000 0.233748 1.390644)
(86.000000 0.220520 1.381690)
(86.500000 0.207293 1.372736)
(87.000000 0.194065 1.363782)
(87.500000 0.180838 1.354828)
(88.000000 0.167610 1.345874)
(88.500000 0.154383 1.336920)
(89.000000 0.141155 1.327966)
(89.500000 0.127928 1.319012)
(90.000000 0.114700 1.310058)
(90.500000 0.103415 1.310364)
(91.000000 0.092130 1.310669)
(91.500000 0.080845 1.310974)
(92.000000 0.069560 1.311279)
(92.500000 0.058275 1.311585)
(93.000000 0.046990 1.311890)
(93.500000 0.035705 1.312195)
(94.000000 0.024420 1.312500)
(94.500000 0.013135 1.312806)
(95.000000 0.001850 1.313111)
(95.500000 -0.009250 1.312029)
(96.000000 -0.020350 1.310946)
(96.500000 -0.031450 1.309864)
(97.000000 -0.042550 1.308782)
(97.500000 -0.053650 1.307700)
(98.000000 -0.064750 1.306617)
(98.500000 -0.075850 1.305535)
(99.000000 -0.086950 1.304453)
(99.500000 -0.098050 1.303371)
(100.000000 -0.109150 1.302288)
(100.500000 -0.119973 1.299819)
(101.000000 -0.130795 1.297349)
(101.500000 -0.141618 1.294879)
(102.000000 -0.152440 1.292409)
(102.500000 -0.163263 1.289939)
(103.000000 -0.174085 1.287470)
(103.500000 -0.184908 1.285000)
(104.000000 -0.195730 1.282530)
(104.500000 -0.206553 1.280060)
(105.000000 -0.217375 1.277591)
(105.500000 -0.227828 1.273761)
(106.000000 -0.238280 1.269932)
(106.500000 -0.248733 1.266102)
(107.000000 -0.259185 1.262273)
(107.500000 -0.269638 1.258443)
(108.000000 -0.280090 1.254614)
(108.500000 -0.290543 1.250784)
(109.000000 -0.300995 1.246955)
(109.500000 -0.311448 1.243125)
(110.000000 -0.321900 1.239296)
(110.500000 -0.331613 1.234143)
(111.000000 -0.341325 1.228991)
(111.500000 -0.351038 1.223839)
(112.000000 -0.360750 1.218687)
(112.500000 -0.370463 1.213534)
(113.000000 -0.380175 1.208382)
(113.500000 -0.389888 1.203230)
(114.000000 -0.399600 1.198078)
(114.500000 -0.409313 1.192925)
(115.000000 -0.419025 1.187773)
(115.500000 -0.427905 1.181363)
(116.000000 -0.436785 1.174953)
(116.500000 -0.445665 1.168542)
(117.000000 -0.454545 1.162132)
(117.500000 -0.463425 1.155722)
(118.000000 -0.472305 1.149312)
(118.500000 -0.481185 1.142901)
(119.000000 -0.490065 1.136491)
(119.500000 -0.498945 1.130081)
(120.000000 -0.507825 1.123671)
(120.500000 -0.515595 1.116058)
(121.000000 -0.523365 1.108445)
(121.500000 -0.531135 1.100832)
(122.000000 -0.538905 1.093220)
(122.500000 -0.546675 1.085607)
(123.000000 -0.554445 1.077994)
(123.500000 -0.562215 1.070381)
(124.000000 -0.569985 1.062769)
(124.500000 -0.577755 1.055156)
(125.000000 -0.585525 1.047543)
(125.500000 -0.591908 1.038857)
(126.000000 -0.598290 1.030172)
(126.500000 -0.604673 1.021486)
(127.000000 -0.611055 1.012800)
(127.500000 -0.617438 1.004114)
(128.000000 -0.623820 0.995429)
(128.500000 -0.630203 0.986743)
(129.000000 -0.636586 0.978057)
(129.500000 -0.642968 0.969371)
(130.000000 -0.649351 0.960685)
(130.500000 -0.654161 0.951047)
(131.000000 -0.658971 0.941408)
(131.500000 -0.663781 0.931770)
(132.000000 -0.668591 0.922131)
(132.500000 -0.673401 0.912493)
(133.000000 -0.678211 0.902854)
(133.500000 -0.683021 0.893216)
(134.000000 -0.687831 0.883577)
(134.500000 -0.692641 0.873939)
(135.000000 -0.697451 0.864300)
(135.500000 -0.700503 0.853894)
(136.000000 -0.703556 0.843488)
(136.500000 -0.706608 0.833082)
(137.000000 -0.709661 0.822675)
(137.500000 -0.712713 0.812269)
(138.000000 -0.715766 0.801863)
(138.500000 -0.718818 0.791457)
(139.000000 -0.721871 0.781050)
(139.500000 -0.724923 0.770644)
(140.000000 -0.727976 0.760238)
(140.500000 -0.728901 0.749277)
(141.000000 -0.729826 0.738315)
(141.500000 -0.730751 0.727354)
(142.000000 -0.731676 0.716393)
(142.500000 -0.732601 0.705432)
(143.000000 -0.733526 0.694470)
(143.500000 -0.734451 0.683509)
(144.000000 -0.735376 0.672548)
(144.500000 -0.736301 0.661586)
(145.000000 -0.737226 0.650625)
(145.500000 -0.735838 0.639359)
(146.000000 -0.734451 0.628092)
(146.500000 -0.733063 0.616826)
(147.000000 -0.731676 0.605559)
(147.500000 -0.730288 0.594293)
(148.000000 -0.728901 0.583026)
(148.500000 -0.727513 0.571760)
(149.000000 -0.726126 0.560493)
(149.500000 -0.724738 0.549227)
(150.000000 -0.723351 0.537960)
(150.500000 -0.719373 0.526731)
(151.000000 -0.715396 0.515501)
(151.500000 -0.711418 0.504272)
(152.000000 -0.707441 0.493042)
(152.500000 -0.703463 0.481813)
(153.000000 -0.699486 0.470583)
(153.500000 -0.695508 0.459354)
(154.000000 -0.691531 0.448124)
(154.500000 -0.687553 0.436895)
(155.000000 -0.683576 0.425665)
(155.500000 -0.676638 0.414833)
(156.000000 -0.669701 0.404002)
(156.500000 -0.662763 0.393170)
(157.000000 -0.655826 0.382338)
(157.500000 -0.648888 0.371506)
(158.000000 -0.641951 0.360675)
(158.500000 -0.635013 0.349843)
(159.000000 -0.628075 0.339011)
(159.500000 -0.621138 0.328179)
(160.000000 -0.614200 0.317347)
(160.500000 -0.602453 0.308084)
(161.000000 -0.590705 0.298820)
(161.500000 -0.578958 0.289556)
(162.000000 -0.567210 0.280292)
(162.500000 -0.555463 0.271028)
(163.000000 -0.543715 0.261764)
(163.500000 -0.531968 0.252500)
(164.000000 -0.520220 0.243236)
(164.500000 -0.508473 0.233973)
(165.000000 -0.496725 0.224709)
(165.500000 -0.484978 0.215445)
(166.000000 -0.473230 0.206181)
(166.500000 -0.461483 0.196917)
(167.000000 -0.449735 0.187653)
(167.500000 -0.437988 0.178389)
(168.000000 -0.426240 0.169125)
(168.500000 -0.414493 0.159861)
(169.000000 -0.402745 0.150598)
(169.500000 -0.390998 0.141334)
(170.000000 -0.379250 0.132070)
(170.500000 -0.362230 0.127981)
(171.000000 -0.345210 0.123893)
(171.500000 -0.328190 0.119804)
(172.000000 -0.311170 0.115716)
(172.500000 -0.294150 0.111627)
(173.000000 -0.277130 0.107539)
(173.500000 -0.260110 0.103450)
(174.000000 -0.243090 0.099362)
(174.500000 -0.226070 0.095273)
(175.000000 -0.209050 0.091185)
(175.500000 -0.188145 0.090260)
(176.000000 -0.167240 0.089335)
(176.500000 -0.146335 0.088410)
(177.000000 -0.125430 0.087485)
(177.500000 -0.104525 0.086560)
(178.000000 -0.083620 0.085635)
(178.500000 -0.062715 0.084710)
(179.000000 -0.041810 0.083785)
(179.500000 -0.020905 0.082860)
(180.000000 0.000000 0.081935)
