// Polars table of section_22 for NREL 5MW 
// AOA    Cl    Cd 
(-180.000000 0.000000 0.019244)
(-179.500000 0.038263 0.020604)
(-179.000000 0.076525 0.021965)
(-178.500000 0.114788 0.023326)
(-178.000000 0.153050 0.024686)
(-177.500000 0.191313 0.026047)
(-177.000000 0.229575 0.027408)
(-176.500000 0.267838 0.028768)
(-176.000000 0.306100 0.030129)
(-175.500000 0.344363 0.031489)
(-175.000000 0.382625 0.032850)
(-174.500000 0.420844 0.039006)
(-174.000000 0.459063 0.045163)
(-173.500000 0.497281 0.051319)
(-173.000000 0.535500 0.057475)
(-172.500000 0.573719 0.063631)
(-172.000000 0.611938 0.069788)
(-171.500000 0.650156 0.075944)
(-171.000000 0.688375 0.082100)
(-170.500000 0.726594 0.088256)
(-170.000000 0.764813 0.094412)
(-169.500000 0.760619 0.103822)
(-169.000000 0.756425 0.113232)
(-168.500000 0.752231 0.122642)
(-168.000000 0.748038 0.132051)
(-167.500000 0.743844 0.141461)
(-167.000000 0.739650 0.150871)
(-166.500000 0.735456 0.160280)
(-166.000000 0.731263 0.169690)
(-165.500000 0.727069 0.179100)
(-165.000000 0.722875 0.188509)
(-164.500000 0.718681 0.197919)
(-164.000000 0.714488 0.207329)
(-163.500000 0.710294 0.216738)
(-163.000000 0.706100 0.226148)
(-162.500000 0.701906 0.235558)
(-162.000000 0.697712 0.244968)
(-161.500000 0.693519 0.254377)
(-161.000000 0.689325 0.263787)
(-160.500000 0.685131 0.273197)
(-160.000000 0.680937 0.282606)
(-159.500000 0.688969 0.293967)
(-159.000000 0.697000 0.305329)
(-158.500000 0.705031 0.316690)
(-158.000000 0.713062 0.328051)
(-157.500000 0.721094 0.339413)
(-157.000000 0.729125 0.350774)
(-156.500000 0.737156 0.362135)
(-156.000000 0.745188 0.373496)
(-155.500000 0.753219 0.384858)
(-155.000000 0.761250 0.396219)
(-154.500000 0.766181 0.408168)
(-154.000000 0.771112 0.420116)
(-153.500000 0.776044 0.432065)
(-153.000000 0.780975 0.444014)
(-152.500000 0.785906 0.455962)
(-152.000000 0.790837 0.467911)
(-151.500000 0.795769 0.479860)
(-151.000000 0.800700 0.491809)
(-150.500000 0.805631 0.503757)
(-150.000000 0.810562 0.515706)
(-149.500000 0.812706 0.527829)
(-149.000000 0.814850 0.539953)
(-148.500000 0.816994 0.552076)
(-148.000000 0.819137 0.564199)
(-147.500000 0.821281 0.576322)
(-147.000000 0.823425 0.588445)
(-146.500000 0.825569 0.600568)
(-146.000000 0.827712 0.612691)
(-145.500000 0.829856 0.624814)
(-145.000000 0.832000 0.636937)
(-144.500000 0.831544 0.648859)
(-144.000000 0.831087 0.660781)
(-143.500000 0.830631 0.672703)
(-143.000000 0.830175 0.684625)
(-142.500000 0.829719 0.696547)
(-142.000000 0.829262 0.708469)
(-141.500000 0.828806 0.720391)
(-141.000000 0.828350 0.732313)
(-140.500000 0.827894 0.744234)
(-140.000000 0.827437 0.756156)
(-139.500000 0.824694 0.767584)
(-139.000000 0.821950 0.779011)
(-138.500000 0.819206 0.790439)
(-138.000000 0.816462 0.801866)
(-137.500000 0.813719 0.813294)
(-137.000000 0.810975 0.824721)
(-136.500000 0.808231 0.836149)
(-136.000000 0.805487 0.847576)
(-135.500000 0.802744 0.859004)
(-135.000000 0.800000 0.870431)
(-134.500000 0.795300 0.881114)
(-134.000000 0.790600 0.891798)
(-133.500000 0.785900 0.902481)
(-133.000000 0.781200 0.913164)
(-132.500000 0.776500 0.923847)
(-132.000000 0.771800 0.934530)
(-131.500000 0.767100 0.945213)
(-131.000000 0.762400 0.955896)
(-130.500000 0.757700 0.966579)
(-130.000000 0.753000 0.977262)
(-129.500000 0.746512 0.987011)
(-129.000000 0.740025 0.996760)
(-128.500000 0.733537 1.006509)
(-128.000000 0.727050 1.016258)
(-127.500000 0.720562 1.026006)
(-127.000000 0.714075 1.035755)
(-126.500000 0.707588 1.045504)
(-126.000000 0.701100 1.055252)
(-125.500000 0.694612 1.065001)
(-125.000000 0.688125 1.074750)
(-124.500000 0.680137 1.083396)
(-124.000000 0.672150 1.092041)
(-123.500000 0.664162 1.100687)
(-123.000000 0.656175 1.109333)
(-122.500000 0.648187 1.117978)
(-122.000000 0.640200 1.126624)
(-121.500000 0.632213 1.135269)
(-121.000000 0.624225 1.143915)
(-120.500000 0.616237 1.152561)
(-120.000000 0.608250 1.161206)
(-119.500000 0.599019 1.168629)
(-119.000000 0.589788 1.176051)
(-118.500000 0.580556 1.183474)
(-118.000000 0.571325 1.190896)
(-117.500000 0.562094 1.198319)
(-117.000000 0.552863 1.205741)
(-116.500000 0.543631 1.213164)
(-116.000000 0.534400 1.220586)
(-115.500000 0.525169 1.228009)
(-115.000000 0.515937 1.235431)
(-114.500000 0.505650 1.241526)
(-114.000000 0.495363 1.247621)
(-113.500000 0.485075 1.253716)
(-113.000000 0.474787 1.259811)
(-112.500000 0.464500 1.265906)
(-112.000000 0.454213 1.272001)
(-111.500000 0.443925 1.278096)
(-111.000000 0.433638 1.284191)
(-110.500000 0.423350 1.290286)
(-110.000000 0.413062 1.296381)
(-109.500000 0.402031 1.301077)
(-109.000000 0.391000 1.305774)
(-108.500000 0.379969 1.310470)
(-108.000000 0.368937 1.315166)
(-107.500000 0.357906 1.319863)
(-107.000000 0.346875 1.324559)
(-106.500000 0.335844 1.329255)
(-106.000000 0.324812 1.333951)
(-105.500000 0.313781 1.338647)
(-105.000000 0.302750 1.343344)
(-104.500000 0.291075 1.346588)
(-104.000000 0.279400 1.349833)
(-103.500000 0.267725 1.353077)
(-103.000000 0.256050 1.356321)
(-102.500000 0.244375 1.359566)
(-102.000000 0.232700 1.362810)
(-101.500000 0.221025 1.366054)
(-101.000000 0.209350 1.369299)
(-100.500000 0.197675 1.372543)
(-100.000000 0.186000 1.375787)
(-99.500000 0.173969 1.377553)
(-99.000000 0.161938 1.379319)
(-98.500000 0.149906 1.381084)
(-98.000000 0.137875 1.382850)
(-97.500000 0.125844 1.384616)
(-97.000000 0.113812 1.386381)
(-96.500000 0.101781 1.388147)
(-96.000000 0.089750 1.389912)
(-95.500000 0.077719 1.391678)
(-95.000000 0.065687 1.393444)
(-94.500000 0.053556 1.393708)
(-94.000000 0.041425 1.393971)
(-93.500000 0.029294 1.394235)
(-93.000000 0.017162 1.394499)
(-92.500000 0.005031 1.394762)
(-92.000000 -0.007100 1.395026)
(-91.500000 -0.019231 1.395290)
(-91.000000 -0.031363 1.395554)
(-90.500000 -0.043494 1.395817)
(-90.000000 -0.055625 1.396081)
(-89.500000 -0.067700 1.394847)
(-89.000000 -0.079775 1.393614)
(-88.500000 -0.091850 1.392380)
(-88.000000 -0.103925 1.391146)
(-87.500000 -0.116000 1.389912)
(-87.000000 -0.128075 1.388679)
(-86.500000 -0.140150 1.387445)
(-86.000000 -0.152225 1.386211)
(-85.500000 -0.164300 1.384977)
(-85.000000 -0.176375 1.383744)
(-84.500000 -0.188194 1.381033)
(-84.000000 -0.200012 1.378321)
(-83.500000 -0.211831 1.375610)
(-83.000000 -0.223650 1.372899)
(-82.500000 -0.235469 1.370188)
(-82.000000 -0.247287 1.367476)
(-81.500000 -0.259106 1.364765)
(-81.000000 -0.270925 1.362054)
(-80.500000 -0.282744 1.359342)
(-80.000000 -0.294562 1.356631)
(-79.500000 -0.305894 1.352478)
(-79.000000 -0.317225 1.348325)
(-78.500000 -0.328556 1.344172)
(-78.000000 -0.339888 1.340019)
(-77.500000 -0.351219 1.335866)
(-77.000000 -0.362550 1.331712)
(-76.500000 -0.373881 1.327559)
(-76.000000 -0.385212 1.323406)
(-75.500000 -0.396544 1.319253)
(-75.000000 -0.407875 1.315100)
(-74.500000 -0.418550 1.309535)
(-74.000000 -0.429225 1.303970)
(-73.500000 -0.439900 1.298405)
(-73.000000 -0.450575 1.292840)
(-72.500000 -0.461250 1.287275)
(-72.000000 -0.471925 1.281710)
(-71.500000 -0.482600 1.276145)
(-71.000000 -0.493275 1.270580)
(-70.500000 -0.503950 1.265015)
(-70.000000 -0.514625 1.259450)
(-69.500000 -0.524356 1.252562)
(-69.000000 -0.534088 1.245674)
(-68.500000 -0.543819 1.238786)
(-68.000000 -0.553550 1.231898)
(-67.500000 -0.563281 1.225009)
(-67.000000 -0.573012 1.218121)
(-66.500000 -0.582744 1.211233)
(-66.000000 -0.592475 1.204345)
(-65.500000 -0.602206 1.197457)
(-65.000000 -0.611938 1.190569)
(-64.500000 -0.620613 1.182434)
(-64.000000 -0.629287 1.174300)
(-63.500000 -0.637962 1.166166)
(-63.000000 -0.646637 1.158031)
(-62.500000 -0.655312 1.149897)
(-62.000000 -0.663987 1.141763)
(-61.500000 -0.672662 1.133628)
(-61.000000 -0.681337 1.125494)
(-60.500000 -0.690012 1.117359)
(-60.000000 -0.698687 1.109225)
(-59.500000 -0.705919 1.099967)
(-59.000000 -0.713150 1.090710)
(-58.500000 -0.720381 1.081452)
(-58.000000 -0.727612 1.072195)
(-57.500000 -0.734844 1.062937)
(-57.000000 -0.742075 1.053680)
(-56.500000 -0.749306 1.044423)
(-56.000000 -0.756538 1.035165)
(-55.500000 -0.763769 1.025907)
(-55.000000 -0.771000 1.016650)
(-54.500000 -0.776731 1.006421)
(-54.000000 -0.782463 0.996191)
(-53.500000 -0.788194 0.985962)
(-53.000000 -0.793925 0.975733)
(-52.500000 -0.799656 0.965503)
(-52.000000 -0.805387 0.955274)
(-51.500000 -0.811119 0.945044)
(-51.000000 -0.816850 0.934815)
(-50.500000 -0.822581 0.924586)
(-50.000000 -0.828313 0.914356)
(-49.500000 -0.832144 0.903325)
(-49.000000 -0.835975 0.892294)
(-48.500000 -0.839806 0.881262)
(-48.000000 -0.843638 0.870231)
(-47.500000 -0.847469 0.859200)
(-47.000000 -0.851300 0.848169)
(-46.500000 -0.855131 0.837138)
(-46.000000 -0.858962 0.826106)
(-45.500000 -0.862794 0.815075)
(-45.000000 -0.866625 0.804044)
(-44.500000 -0.868469 0.792439)
(-44.000000 -0.870313 0.780835)
(-43.500000 -0.872156 0.769231)
(-43.000000 -0.874000 0.757626)
(-42.500000 -0.875844 0.746022)
(-42.000000 -0.877687 0.734417)
(-41.500000 -0.879531 0.722813)
(-41.000000 -0.881375 0.711209)
(-40.500000 -0.883219 0.699604)
(-40.000000 -0.885062 0.688000)
(-39.500000 -0.884506 0.676084)
(-39.000000 -0.883950 0.664168)
(-38.500000 -0.883394 0.652251)
(-38.000000 -0.882837 0.640335)
(-37.500000 -0.882281 0.628419)
(-37.000000 -0.881725 0.616502)
(-36.500000 -0.881169 0.604586)
(-36.000000 -0.880613 0.592670)
(-35.500000 -0.880056 0.580754)
(-35.000000 -0.879500 0.568837)
(-34.500000 -0.876400 0.556927)
(-34.000000 -0.873300 0.545016)
(-33.500000 -0.870200 0.533106)
(-33.000000 -0.867100 0.521195)
(-32.500000 -0.864000 0.509284)
(-32.000000 -0.860900 0.497374)
(-31.500000 -0.857800 0.485463)
(-31.000000 -0.854700 0.473552)
(-30.500000 -0.851600 0.461642)
(-30.000000 -0.848500 0.449731)
(-29.500000 -0.843275 0.438128)
(-29.000000 -0.838050 0.426524)
(-28.500000 -0.832825 0.414920)
(-28.000000 -0.827600 0.403316)
(-27.500000 -0.822375 0.391713)
(-27.000000 -0.817150 0.380109)
(-26.500000 -0.811925 0.368505)
(-26.000000 -0.806700 0.356901)
(-25.500000 -0.801475 0.345297)
(-25.000000 -0.796250 0.333694)
(-24.500000 -0.794687 0.321784)
(-24.000000 -0.793125 0.309875)
(-23.500000 -0.795563 0.297631)
(-23.000000 -0.798000 0.285388)
(-22.500000 -0.803156 0.272894)
(-22.000000 -0.808312 0.260400)
(-21.500000 -0.816469 0.247728)
(-21.000000 -0.824625 0.235056)
(-20.500000 -0.835000 0.222234)
(-20.000000 -0.845375 0.209412)
(-19.500000 -0.857750 0.196612)
(-19.000000 -0.870125 0.183812)
(-18.500000 -0.883719 0.171012)
(-18.000000 -0.897313 0.158212)
(-17.500000 -0.912063 0.145541)
(-17.000000 -0.926813 0.132869)
(-16.500000 -0.942344 0.120347)
(-16.000000 -0.957875 0.107825)
(-15.500000 -0.973344 0.095603)
(-15.000000 -0.988813 0.083381)
(-14.500000 -1.004281 0.071466)
(-14.000000 -0.999231 0.063069)
(-13.500000 -0.993962 0.054870)
(-13.000000 -0.988694 0.046670)
(-12.500000 -0.970666 0.036786)
(-12.000000 -0.952475 0.027132)
(-11.500000 -0.926238 0.028716)
(-11.000000 -0.900000 0.030300)
(-10.500000 -0.864216 0.029516)
(-10.000000 -0.828431 0.028731)
(-9.500000 -0.769218 0.025998)
(-9.000000 -0.709029 0.023183)
(-8.500000 -0.638850 0.020416)
(-8.000000 -0.567081 0.015299)
(-7.500000 -0.498623 0.011215)
(-7.000000 -0.428240 0.009671)
(-6.500000 -0.360450 0.009187)
(-6.000000 -0.292919 0.008581)
(-5.500000 -0.224778 0.007959)
(-5.000000 -0.159812 0.007075)
(-4.500000 -0.093500 0.006762)
(-4.000000 -0.027750 0.006606)
(-3.500000 0.037125 0.006450)
(-3.000000 0.103000 0.006237)
(-2.500000 0.167313 0.006181)
(-2.000000 0.231063 0.006181)
(-1.500000 0.295375 0.006137)
(-1.000000 0.359250 0.006137)
(-0.500000 0.422563 0.006137)
(0.000000 0.487313 0.006050)
(0.500000 0.550188 0.006050)
(1.000000 0.613500 0.006150)
(1.500000 0.675375 0.006194)
(2.000000 0.738688 0.006294)
(2.500000 0.800438 0.006450)
(3.000000 0.861313 0.006606)
(3.500000 0.922625 0.006819)
(4.000000 0.976750 0.007187)
(4.500000 1.031563 0.007769)
(5.000000 1.080563 0.008519)
(5.500000 1.130344 0.009688)
(6.000000 1.178438 0.010688)
(6.500000 1.225437 0.011981)
(7.000000 1.270312 0.013144)
(7.500000 1.313938 0.014075)
(8.000000 1.348375 0.014962)
(8.500000 1.378000 0.016106)
(9.000000 1.401687 0.018100)
(9.500000 1.412813 0.021100)
(10.000000 1.394750 0.025806)
(10.500000 1.362875 0.031631)
(11.000000 1.325063 0.037894)
(11.500000 1.292375 0.045087)
(12.000000 1.274188 0.052619)
(12.500000 1.262938 0.060975)
(13.000000 1.261188 0.069950)
(13.500000 1.261625 0.079462)
(14.000000 1.265000 0.089087)
(14.500000 1.267313 0.099100)
(15.000000 1.273250 0.108850)
(15.500000 1.281000 0.118437)
(16.000000 1.286188 0.128506)
(16.500000 1.295125 0.138856)
(17.000000 1.305125 0.149094)
(17.500000 1.308438 0.159087)
(18.000000 1.311063 0.168581)
(18.500000 1.313250 0.179044)
(19.000000 1.317625 0.189731)
(19.500000 1.322750 0.200575)
(20.000000 1.329813 0.211519)
(20.500000 1.339875 0.222687)
(21.000000 1.339750 0.235487)
(21.500000 1.318875 0.249584)
(22.000000 1.298000 0.263681)
(22.500000 1.276406 0.277966)
(23.000000 1.254812 0.292250)
(23.500000 1.233500 0.306734)
(24.000000 1.212187 0.321219)
(24.500000 1.191375 0.335875)
(25.000000 1.170562 0.350531)
(25.500000 1.151031 0.365203)
(26.000000 1.131500 0.379875)
(26.500000 1.114141 0.394523)
(27.000000 1.096781 0.409172)
(27.500000 1.079422 0.423820)
(28.000000 1.062062 0.438469)
(28.500000 1.049516 0.452852)
(29.000000 1.036969 0.467234)
(29.500000 1.024422 0.481617)
(30.000000 1.011875 0.496000)
(30.500000 1.006172 0.509881)
(31.000000 1.000469 0.523762)
(31.500000 0.994766 0.537644)
(32.000000 0.989062 0.551525)
(32.500000 0.990729 0.564791)
(33.000000 0.992396 0.578056)
(33.500000 0.994062 0.591322)
(34.000000 0.995729 0.604587)
(34.500000 0.997396 0.617853)
(35.000000 0.999062 0.631119)
(35.500000 0.999144 0.644176)
(36.000000 0.999225 0.657234)
(36.500000 0.999306 0.670291)
(37.000000 0.999387 0.683349)
(37.500000 0.999469 0.696406)
(38.000000 0.999550 0.709464)
(38.500000 0.999631 0.722521)
(39.000000 0.999712 0.735579)
(39.500000 0.999794 0.748636)
(40.000000 0.999875 0.761694)
(40.500000 0.997369 0.774235)
(41.000000 0.994862 0.786776)
(41.500000 0.992356 0.799317)
(42.000000 0.989850 0.811859)
(42.500000 0.987344 0.824400)
(43.000000 0.984837 0.836941)
(43.500000 0.982331 0.849482)
(44.000000 0.979825 0.862024)
(44.500000 0.977319 0.874565)
(45.000000 0.974812 0.887106)
(45.500000 0.969931 0.898817)
(46.000000 0.965050 0.910529)
(46.500000 0.960169 0.922240)
(47.000000 0.955287 0.933951)
(47.500000 0.950406 0.945662)
(48.000000 0.945525 0.957374)
(48.500000 0.940644 0.969085)
(49.000000 0.935762 0.980796)
(49.500000 0.930881 0.992507)
(50.000000 0.926000 1.004219)
(50.500000 0.919131 1.014829)
(51.000000 0.912262 1.025440)
(51.500000 0.905394 1.036051)
(52.000000 0.898525 1.046661)
(52.500000 0.891656 1.057272)
(53.000000 0.884787 1.067883)
(53.500000 0.877919 1.078493)
(54.000000 0.871050 1.089104)
(54.500000 0.864181 1.099714)
(55.000000 0.857312 1.110325)
(55.500000 0.848644 1.119602)
(56.000000 0.839975 1.128879)
(56.500000 0.831306 1.138156)
(57.000000 0.822637 1.147432)
(57.500000 0.813969 1.156709)
(58.000000 0.805300 1.165986)
(58.500000 0.796631 1.175263)
(59.000000 0.787962 1.184540)
(59.500000 0.779294 1.193817)
(60.000000 0.770625 1.203094)
(60.500000 0.760612 1.210871)
(61.000000 0.750600 1.218647)
(61.500000 0.740587 1.226424)
(62.000000 0.730575 1.234201)
(62.500000 0.720562 1.241978)
(63.000000 0.710550 1.249755)
(63.500000 0.700537 1.257532)
(64.000000 0.690525 1.265309)
(64.500000 0.680512 1.273086)
(65.000000 0.670500 1.280863)
(65.500000 0.659288 1.287015)
(66.000000 0.648075 1.293168)
(66.500000 0.636862 1.299320)
(67.000000 0.625650 1.305473)
(67.500000 0.614437 1.311625)
(68.000000 0.603225 1.317778)
(68.500000 0.592012 1.323930)
(69.000000 0.580800 1.330083)
(69.500000 0.569587 1.336235)
(70.000000 0.558375 1.342388)
(70.500000 0.546394 1.346834)
(71.000000 0.534412 1.351281)
(71.500000 0.522431 1.355728)
(72.000000 0.510450 1.360175)
(72.500000 0.498469 1.364622)
(73.000000 0.486487 1.369069)
(73.500000 0.474506 1.373516)
(74.000000 0.462525 1.377962)
(74.500000 0.450544 1.382409)
(75.000000 0.438562 1.386856)
(75.500000 0.426069 1.389583)
(76.000000 0.413575 1.392309)
(76.500000 0.401081 1.395035)
(77.000000 0.388587 1.397761)
(77.500000 0.376094 1.400488)
(78.000000 0.363600 1.403214)
(78.500000 0.351106 1.405940)
(79.000000 0.338612 1.408666)
(79.500000 0.326119 1.411392)
(80.000000 0.313625 1.414119)
(80.500000 0.300950 1.415270)
(81.000000 0.288275 1.416421)
(81.500000 0.275600 1.417572)
(82.000000 0.262925 1.418724)
(82.500000 0.250250 1.419875)
(83.000000 0.237575 1.421026)
(83.500000 0.224900 1.422178)
(84.000000 0.212225 1.423329)
(84.500000 0.199550 1.424480)
(85.000000 0.186875 1.425631)
(85.500000 0.174319 1.425882)
(86.000000 0.161762 1.426134)
(86.500000 0.149206 1.426385)
(87.000000 0.136650 1.426636)
(87.500000 0.124094 1.426887)
(88.000000 0.111537 1.427139)
(88.500000 0.098981 1.427390)
(89.000000 0.086425 1.427641)
(89.500000 0.073869 1.427893)
(90.000000 0.061312 1.428144)
(90.500000 0.048887 1.427911)
(91.000000 0.036462 1.427679)
(91.500000 0.024037 1.427446)
(92.000000 0.011612 1.427214)
(92.500000 -0.000813 1.426981)
(93.000000 -0.013238 1.426749)
(93.500000 -0.025663 1.426516)
(94.000000 -0.038088 1.426284)
(94.500000 -0.050513 1.426051)
(95.000000 -0.062938 1.425819)
(95.500000 -0.075219 1.424059)
(96.000000 -0.087500 1.422300)
(96.500000 -0.099781 1.420541)
(97.000000 -0.112063 1.418781)
(97.500000 -0.124344 1.417022)
(98.000000 -0.136625 1.415263)
(98.500000 -0.148906 1.413503)
(99.000000 -0.161188 1.411744)
(99.500000 -0.173469 1.409984)
(100.000000 -0.185750 1.408225)
(100.500000 -0.197675 1.404948)
(101.000000 -0.209600 1.401670)
(101.500000 -0.221525 1.398393)
(102.000000 -0.233450 1.395115)
(102.500000 -0.245375 1.391838)
(103.000000 -0.257300 1.388560)
(103.500000 -0.269225 1.385283)
(104.000000 -0.281150 1.382005)
(104.500000 -0.293075 1.378728)
(105.000000 -0.305000 1.375450)
(105.500000 -0.316369 1.370694)
(106.000000 -0.327738 1.365939)
(106.500000 -0.339106 1.361183)
(107.000000 -0.350475 1.356428)
(107.500000 -0.361844 1.351672)
(108.000000 -0.373213 1.346916)
(108.500000 -0.384581 1.342161)
(109.000000 -0.395950 1.337405)
(109.500000 -0.407319 1.332649)
(110.000000 -0.418688 1.327894)
(110.500000 -0.429213 1.321701)
(111.000000 -0.439738 1.315509)
(111.500000 -0.450263 1.309316)
(112.000000 -0.460788 1.303124)
(112.500000 -0.471313 1.296931)
(113.000000 -0.481838 1.290739)
(113.500000 -0.492363 1.284546)
(114.000000 -0.502888 1.278354)
(114.500000 -0.513413 1.272161)
(115.000000 -0.523938 1.265969)
(115.500000 -0.533450 1.258419)
(116.000000 -0.542963 1.250870)
(116.500000 -0.552475 1.243321)
(117.000000 -0.561988 1.235771)
(117.500000 -0.571500 1.228222)
(118.000000 -0.581013 1.220673)
(118.500000 -0.590525 1.213123)
(119.000000 -0.600038 1.205574)
(119.500000 -0.609550 1.198024)
(120.000000 -0.619063 1.190475)
(120.500000 -0.627275 1.181663)
(121.000000 -0.635488 1.172851)
(121.500000 -0.643700 1.164039)
(122.000000 -0.651913 1.155228)
(122.500000 -0.660125 1.146416)
(123.000000 -0.668338 1.137604)
(123.500000 -0.676550 1.128792)
(124.000000 -0.684762 1.119980)
(124.500000 -0.692975 1.111168)
(125.000000 -0.701188 1.102356)
(125.500000 -0.707844 1.092419)
(126.000000 -0.714500 1.082481)
(126.500000 -0.721156 1.072544)
(127.000000 -0.727813 1.062606)
(127.500000 -0.734469 1.052669)
(128.000000 -0.741125 1.042731)
(128.500000 -0.747781 1.032794)
(129.000000 -0.754438 1.022856)
(129.500000 -0.761094 1.012919)
(130.000000 -0.767750 1.002981)
(130.500000 -0.772650 0.992073)
(131.000000 -0.777550 0.981164)
(131.500000 -0.782450 0.970255)
(132.000000 -0.787350 0.959346)
(132.500000 -0.792250 0.948438)
(133.000000 -0.797150 0.937529)
(133.500000 -0.802050 0.926620)
(134.000000 -0.806950 0.915711)
(134.500000 -0.811850 0.904802)
(135.000000 -0.816750 0.893894)
(135.500000 -0.819594 0.882215)
(136.000000 -0.822438 0.870536)
(136.500000 -0.825281 0.858857)
(137.000000 -0.828125 0.847179)
(137.500000 -0.830969 0.835500)
(138.000000 -0.833813 0.823821)
(138.500000 -0.836656 0.812142)
(139.000000 -0.839500 0.800464)
(139.500000 -0.842344 0.788785)
(140.000000 -0.845187 0.777106)
(140.500000 -0.845687 0.764903)
(141.000000 -0.846188 0.752700)
(141.500000 -0.846687 0.740497)
(142.000000 -0.847187 0.728294)
(142.500000 -0.847688 0.716091)
(143.000000 -0.848188 0.703887)
(143.500000 -0.848688 0.691684)
(144.000000 -0.849187 0.679481)
(144.500000 -0.849688 0.667278)
(145.000000 -0.850187 0.655075)
(145.500000 -0.848075 0.642669)
(146.000000 -0.845963 0.630263)
(146.500000 -0.843850 0.617856)
(147.000000 -0.841738 0.605450)
(147.500000 -0.839625 0.593044)
(148.000000 -0.837513 0.580637)
(148.500000 -0.835400 0.568231)
(149.000000 -0.833288 0.555825)
(149.500000 -0.831175 0.543419)
(150.000000 -0.829063 0.531012)
(150.500000 -0.824037 0.518753)
(151.000000 -0.819013 0.506494)
(151.500000 -0.813988 0.494234)
(152.000000 -0.808963 0.481975)
(152.500000 -0.803937 0.469716)
(153.000000 -0.798913 0.457456)
(153.500000 -0.793888 0.445197)
(154.000000 -0.788863 0.432938)
(154.500000 -0.783838 0.420678)
(155.000000 -0.778813 0.408419)
(155.500000 -0.770631 0.396753)
(156.000000 -0.762450 0.385088)
(156.500000 -0.754269 0.373422)
(157.000000 -0.746088 0.361756)
(157.500000 -0.737906 0.350091)
(158.000000 -0.729725 0.338425)
(158.500000 -0.721544 0.326759)
(159.000000 -0.713363 0.315094)
(159.500000 -0.705181 0.303428)
(160.000000 -0.697000 0.291763)
(160.500000 -0.700391 0.282076)
(161.000000 -0.703781 0.272390)
(161.500000 -0.707172 0.262704)
(162.000000 -0.710562 0.253018)
(162.500000 -0.713953 0.243331)
(163.000000 -0.717344 0.233645)
(163.500000 -0.720734 0.223959)
(164.000000 -0.724125 0.214273)
(164.500000 -0.727516 0.204586)
(165.000000 -0.730906 0.194900)
(165.500000 -0.734297 0.185214)
(166.000000 -0.737688 0.175528)
(166.500000 -0.741078 0.165841)
(167.000000 -0.744469 0.156155)
(167.500000 -0.747859 0.146469)
(168.000000 -0.751250 0.136783)
(168.500000 -0.754641 0.127096)
(169.000000 -0.758031 0.117410)
(169.500000 -0.761422 0.107724)
(170.000000 -0.764813 0.098037)
(170.500000 -0.726594 0.091670)
(171.000000 -0.688375 0.085303)
(171.500000 -0.650156 0.078935)
(172.000000 -0.611938 0.072567)
(172.500000 -0.573719 0.066200)
(173.000000 -0.535500 0.059833)
(173.500000 -0.497281 0.053465)
(174.000000 -0.459063 0.047098)
(174.500000 -0.420844 0.040730)
(175.000000 -0.382625 0.034362)
(175.500000 -0.344363 0.032851)
(176.000000 -0.306100 0.031339)
(176.500000 -0.267838 0.029827)
(177.000000 -0.229575 0.028315)
(177.500000 -0.191313 0.026803)
(178.000000 -0.153050 0.025291)
(178.500000 -0.114788 0.023779)
(179.000000 -0.076525 0.022267)
(179.500000 -0.038262 0.020756)
(180.000000 0.000000 0.019244)
