// Polars table of section_26 for NREL 5MW 
// AOA    Cl    Cd 
(-180.000000 0.000000 0.018581)
(-179.500000 0.039275 0.020049)
(-179.000000 0.078550 0.021516)
(-178.500000 0.117825 0.022984)
(-178.000000 0.157100 0.024451)
(-177.500000 0.196375 0.025919)
(-177.000000 0.235650 0.027386)
(-176.500000 0.274925 0.028854)
(-176.000000 0.314200 0.030321)
(-175.500000 0.353475 0.031789)
(-175.000000 0.392750 0.033256)
(-174.500000 0.432031 0.039387)
(-174.000000 0.471313 0.045518)
(-173.500000 0.510594 0.051648)
(-173.000000 0.549875 0.057779)
(-172.500000 0.589156 0.063909)
(-172.000000 0.628438 0.070040)
(-171.500000 0.667719 0.076171)
(-171.000000 0.707000 0.082301)
(-170.500000 0.746281 0.088432)
(-170.000000 0.785563 0.094562)
(-169.500000 0.779750 0.103879)
(-169.000000 0.773938 0.113195)
(-168.500000 0.768125 0.122511)
(-168.000000 0.762313 0.131828)
(-167.500000 0.756500 0.141144)
(-167.000000 0.750688 0.150460)
(-166.500000 0.744875 0.159776)
(-166.000000 0.739063 0.169092)
(-165.500000 0.733250 0.178409)
(-165.000000 0.727438 0.187725)
(-164.500000 0.721625 0.197041)
(-164.000000 0.715813 0.206357)
(-163.500000 0.710000 0.215674)
(-163.000000 0.704188 0.224990)
(-162.500000 0.698375 0.234306)
(-162.000000 0.692562 0.243623)
(-161.500000 0.686750 0.252939)
(-161.000000 0.680938 0.262255)
(-160.500000 0.675125 0.271571)
(-160.000000 0.669313 0.280888)
(-159.500000 0.677200 0.292111)
(-159.000000 0.685088 0.303334)
(-158.500000 0.692975 0.314557)
(-158.000000 0.700863 0.325780)
(-157.500000 0.708750 0.337003)
(-157.000000 0.716638 0.348226)
(-156.500000 0.724525 0.359449)
(-156.000000 0.732413 0.370673)
(-155.500000 0.740300 0.381896)
(-155.000000 0.748188 0.393119)
(-154.500000 0.752981 0.404911)
(-154.000000 0.757775 0.416703)
(-153.500000 0.762569 0.428494)
(-153.000000 0.767362 0.440286)
(-152.500000 0.772156 0.452078)
(-152.000000 0.776950 0.463870)
(-151.500000 0.781744 0.475662)
(-151.000000 0.786538 0.487454)
(-150.500000 0.791331 0.499246)
(-150.000000 0.796125 0.511038)
(-149.500000 0.798219 0.522998)
(-149.000000 0.800312 0.534957)
(-148.500000 0.802406 0.546918)
(-148.000000 0.804500 0.558878)
(-147.500000 0.806594 0.570838)
(-147.000000 0.808688 0.582798)
(-146.500000 0.810781 0.594758)
(-146.000000 0.812875 0.606718)
(-145.500000 0.814969 0.618677)
(-145.000000 0.817063 0.630638)
(-144.500000 0.816563 0.642388)
(-144.000000 0.816063 0.654138)
(-143.500000 0.815562 0.665887)
(-143.000000 0.815063 0.677638)
(-142.500000 0.814562 0.689387)
(-142.000000 0.814063 0.701137)
(-141.500000 0.813563 0.712888)
(-141.000000 0.813063 0.724638)
(-140.500000 0.812562 0.736388)
(-140.000000 0.812063 0.748138)
(-139.500000 0.809363 0.759397)
(-139.000000 0.806663 0.770656)
(-138.500000 0.803963 0.781916)
(-138.000000 0.801263 0.793175)
(-137.500000 0.798563 0.804434)
(-137.000000 0.795863 0.815694)
(-136.500000 0.793163 0.826953)
(-136.000000 0.790463 0.838213)
(-135.500000 0.787763 0.849472)
(-135.000000 0.785063 0.860731)
(-134.500000 0.780363 0.871251)
(-134.000000 0.775663 0.881771)
(-133.500000 0.770963 0.892291)
(-133.000000 0.766263 0.902811)
(-132.500000 0.761563 0.913331)
(-132.000000 0.756863 0.923851)
(-131.500000 0.752163 0.934371)
(-131.000000 0.747463 0.944891)
(-130.500000 0.742762 0.955411)
(-130.000000 0.738062 0.965931)
(-129.500000 0.731663 0.975522)
(-129.000000 0.725263 0.985113)
(-128.500000 0.718862 0.994703)
(-128.000000 0.712463 1.004294)
(-127.500000 0.706063 1.013884)
(-127.000000 0.699663 1.023475)
(-126.500000 0.693263 1.033066)
(-126.000000 0.686863 1.042656)
(-125.500000 0.680463 1.052247)
(-125.000000 0.674063 1.061837)
(-124.500000 0.666163 1.070338)
(-124.000000 0.658263 1.078839)
(-123.500000 0.650362 1.087339)
(-123.000000 0.642463 1.095840)
(-122.500000 0.634563 1.104341)
(-122.000000 0.626663 1.112841)
(-121.500000 0.618762 1.121342)
(-121.000000 0.610863 1.129842)
(-120.500000 0.602963 1.138343)
(-120.000000 0.595062 1.146844)
(-119.500000 0.585969 1.154134)
(-119.000000 0.576875 1.161425)
(-118.500000 0.567781 1.168716)
(-118.000000 0.558688 1.176006)
(-117.500000 0.549594 1.183297)
(-117.000000 0.540500 1.190587)
(-116.500000 0.531406 1.197878)
(-116.000000 0.522313 1.205169)
(-115.500000 0.513219 1.212459)
(-115.000000 0.504125 1.219750)
(-114.500000 0.493931 1.225732)
(-114.000000 0.483738 1.231714)
(-113.500000 0.473544 1.237696)
(-113.000000 0.463350 1.243677)
(-112.500000 0.453156 1.249659)
(-112.000000 0.442963 1.255641)
(-111.500000 0.432769 1.261623)
(-111.000000 0.422575 1.267605)
(-110.500000 0.412381 1.273587)
(-110.000000 0.402188 1.279569)
(-109.500000 0.391294 1.284161)
(-109.000000 0.380400 1.288754)
(-108.500000 0.369506 1.293346)
(-108.000000 0.358613 1.297939)
(-107.500000 0.347719 1.302531)
(-107.000000 0.336825 1.307124)
(-106.500000 0.325931 1.311716)
(-106.000000 0.315037 1.316309)
(-105.500000 0.304144 1.320901)
(-105.000000 0.293250 1.325494)
(-104.500000 0.281763 1.328657)
(-104.000000 0.270275 1.331820)
(-103.500000 0.258788 1.334983)
(-103.000000 0.247300 1.338146)
(-102.500000 0.235813 1.341309)
(-102.000000 0.224325 1.344473)
(-101.500000 0.212838 1.347636)
(-101.000000 0.201350 1.350799)
(-100.500000 0.189862 1.353962)
(-100.000000 0.178375 1.357125)
(-99.500000 0.166488 1.358820)
(-99.000000 0.154600 1.360515)
(-98.500000 0.142712 1.362210)
(-98.000000 0.130825 1.363905)
(-97.500000 0.118938 1.365600)
(-97.000000 0.107050 1.367295)
(-96.500000 0.095163 1.368990)
(-96.000000 0.083275 1.370685)
(-95.500000 0.071388 1.372380)
(-95.000000 0.059500 1.374075)
(-94.500000 0.047506 1.374291)
(-94.000000 0.035513 1.374506)
(-93.500000 0.023519 1.374722)
(-93.000000 0.011525 1.374938)
(-92.500000 -0.000469 1.375153)
(-92.000000 -0.012462 1.375369)
(-91.500000 -0.024456 1.375584)
(-91.000000 -0.036450 1.375800)
(-90.500000 -0.048444 1.376016)
(-90.000000 -0.060437 1.376231)
(-89.500000 -0.072325 1.374968)
(-89.000000 -0.084212 1.373705)
(-88.500000 -0.096100 1.372442)
(-88.000000 -0.107988 1.371179)
(-87.500000 -0.119875 1.369916)
(-87.000000 -0.131762 1.368653)
(-86.500000 -0.143650 1.367389)
(-86.000000 -0.155537 1.366126)
(-85.500000 -0.167425 1.364863)
(-85.000000 -0.179312 1.363600)
(-84.500000 -0.190906 1.360878)
(-84.000000 -0.202500 1.358156)
(-83.500000 -0.214094 1.355434)
(-83.000000 -0.225687 1.352713)
(-82.500000 -0.237281 1.349991)
(-82.000000 -0.248875 1.347269)
(-81.500000 -0.260469 1.344547)
(-81.000000 -0.272062 1.341825)
(-80.500000 -0.283656 1.339103)
(-80.000000 -0.295250 1.336381)
(-79.500000 -0.306438 1.332240)
(-79.000000 -0.317625 1.328099)
(-78.500000 -0.328813 1.323957)
(-78.000000 -0.340000 1.319816)
(-77.500000 -0.351187 1.315675)
(-77.000000 -0.362375 1.311534)
(-76.500000 -0.373563 1.307392)
(-76.000000 -0.384750 1.303251)
(-75.500000 -0.395937 1.299110)
(-75.000000 -0.407125 1.294969)
(-74.500000 -0.417612 1.289439)
(-74.000000 -0.428100 1.283909)
(-73.500000 -0.438588 1.278379)
(-73.000000 -0.449075 1.272849)
(-72.500000 -0.459563 1.267319)
(-72.000000 -0.470050 1.261789)
(-71.500000 -0.480538 1.256259)
(-71.000000 -0.491025 1.250729)
(-70.500000 -0.501513 1.245199)
(-70.000000 -0.512000 1.239669)
(-69.500000 -0.521588 1.232831)
(-69.000000 -0.531175 1.225994)
(-68.500000 -0.540762 1.219156)
(-68.000000 -0.550350 1.212319)
(-67.500000 -0.559938 1.205481)
(-67.000000 -0.569525 1.198644)
(-66.500000 -0.579112 1.191806)
(-66.000000 -0.588700 1.184969)
(-65.500000 -0.598288 1.178131)
(-65.000000 -0.607875 1.171294)
(-64.500000 -0.616363 1.163237)
(-64.000000 -0.624850 1.155180)
(-63.500000 -0.633337 1.147123)
(-63.000000 -0.641825 1.139066)
(-62.500000 -0.650312 1.131009)
(-62.000000 -0.658800 1.122953)
(-61.500000 -0.667288 1.114896)
(-61.000000 -0.675775 1.106839)
(-60.500000 -0.684262 1.098782)
(-60.000000 -0.692750 1.090725)
(-59.500000 -0.699844 1.081560)
(-59.000000 -0.706938 1.072395)
(-58.500000 -0.714031 1.063230)
(-58.000000 -0.721125 1.054065)
(-57.500000 -0.728219 1.044900)
(-57.000000 -0.735313 1.035735)
(-56.500000 -0.742406 1.026570)
(-56.000000 -0.749500 1.017405)
(-55.500000 -0.756594 1.008240)
(-55.000000 -0.763688 0.999075)
(-54.500000 -0.769281 0.988961)
(-54.000000 -0.774875 0.978847)
(-53.500000 -0.780469 0.968734)
(-53.000000 -0.786063 0.958620)
(-52.500000 -0.791656 0.948506)
(-52.000000 -0.797250 0.938393)
(-51.500000 -0.802844 0.928279)
(-51.000000 -0.808438 0.918165)
(-50.500000 -0.814031 0.908051)
(-50.000000 -0.819625 0.897938)
(-49.500000 -0.823319 0.887045)
(-49.000000 -0.827013 0.876153)
(-48.500000 -0.830706 0.865260)
(-48.000000 -0.834400 0.854368)
(-47.500000 -0.838094 0.843475)
(-47.000000 -0.841788 0.832583)
(-46.500000 -0.845481 0.821690)
(-46.000000 -0.849175 0.810798)
(-45.500000 -0.852869 0.799905)
(-45.000000 -0.856563 0.789013)
(-44.500000 -0.858350 0.777561)
(-44.000000 -0.860137 0.766110)
(-43.500000 -0.861925 0.754659)
(-43.000000 -0.863713 0.743207)
(-42.500000 -0.865500 0.731756)
(-42.000000 -0.867288 0.720305)
(-41.500000 -0.869075 0.708854)
(-41.000000 -0.870863 0.697403)
(-40.500000 -0.872650 0.685951)
(-40.000000 -0.874437 0.674500)
(-39.500000 -0.873837 0.662760)
(-39.000000 -0.873238 0.651020)
(-38.500000 -0.872638 0.639280)
(-38.000000 -0.872038 0.627540)
(-37.500000 -0.871437 0.615800)
(-37.000000 -0.870837 0.604060)
(-36.500000 -0.870238 0.592320)
(-36.000000 -0.869638 0.580580)
(-35.500000 -0.869038 0.568840)
(-35.000000 -0.868437 0.557100)
(-34.500000 -0.865337 0.545371)
(-34.000000 -0.862237 0.533643)
(-33.500000 -0.859137 0.521914)
(-33.000000 -0.856038 0.510185)
(-32.500000 -0.852937 0.498456)
(-32.000000 -0.849838 0.486728)
(-31.500000 -0.846738 0.474999)
(-31.000000 -0.843638 0.463270)
(-30.500000 -0.840538 0.451541)
(-30.000000 -0.837438 0.439813)
(-29.500000 -0.833181 0.428276)
(-29.000000 -0.828925 0.416739)
(-28.500000 -0.824669 0.405202)
(-28.000000 -0.820412 0.393665)
(-27.500000 -0.816156 0.382128)
(-27.000000 -0.811900 0.370591)
(-26.500000 -0.807644 0.359054)
(-26.000000 -0.803387 0.347518)
(-25.500000 -0.799131 0.335981)
(-25.000000 -0.794875 0.324444)
(-24.500000 -0.796812 0.312250)
(-24.000000 -0.798750 0.300056)
(-23.500000 -0.804531 0.287484)
(-23.000000 -0.810312 0.274913)
(-22.500000 -0.818469 0.262103)
(-22.000000 -0.826625 0.249294)
(-21.500000 -0.837656 0.236303)
(-21.000000 -0.848687 0.223313)
(-20.500000 -0.861625 0.210188)
(-20.000000 -0.874562 0.197063)
(-19.500000 -0.889375 0.183950)
(-19.000000 -0.904187 0.170838)
(-18.500000 -0.919906 0.157741)
(-18.000000 -0.935625 0.144644)
(-17.500000 -0.953500 0.131672)
(-17.000000 -0.971375 0.118700)
(-16.500000 -0.988750 0.105869)
(-16.000000 -1.006125 0.093038)
(-15.500000 -1.021812 0.080488)
(-15.000000 -1.037500 0.067938)
(-14.500000 -1.052594 0.055713)
(-14.000000 -1.033489 0.049353)
(-13.500000 -1.013666 0.042999)
(-13.000000 -0.993031 0.037383)
(-12.500000 -0.971302 0.031758)
(-12.000000 -0.949446 0.026273)
(-11.500000 -0.921817 0.027718)
(-11.000000 -0.894188 0.029163)
(-10.500000 -0.857640 0.028396)
(-10.000000 -0.821092 0.027629)
(-9.500000 -0.745722 0.023619)
(-9.000000 -0.668760 0.019474)
(-8.500000 -0.591767 0.015341)
(-8.000000 -0.516850 0.011856)
(-7.500000 -0.448145 0.010397)
(-7.000000 -0.377721 0.008981)
(-6.500000 -0.311531 0.008869)
(-6.000000 -0.246187 0.008200)
(-5.500000 -0.179844 0.007441)
(-5.000000 -0.115375 0.006962)
(-4.500000 -0.050250 0.006566)
(-4.000000 0.013938 0.006356)
(-3.500000 0.077219 0.006144)
(-3.000000 0.141438 0.005837)
(-2.500000 0.204406 0.005713)
(-2.000000 0.266438 0.005681)
(-1.500000 0.329094 0.005675)
(-1.000000 0.391750 0.005669)
(-0.500000 0.453438 0.005669)
(0.000000 0.516063 0.005669)
(0.500000 0.577750 0.005669)
(1.000000 0.639438 0.005763)
(1.500000 0.700188 0.005766)
(2.000000 0.761875 0.005863)
(2.500000 0.821688 0.006050)
(3.000000 0.881500 0.006238)
(3.500000 0.941313 0.006522)
(4.000000 0.989875 0.006994)
(4.500000 1.040281 0.007756)
(5.000000 1.089750 0.008800)
(5.500000 1.139500 0.010122)
(6.000000 1.186438 0.011163)
(6.500000 1.232938 0.012075)
(7.000000 1.276625 0.012988)
(7.500000 1.317438 0.013772)
(8.000000 1.351688 0.014556)
(8.500000 1.379250 0.015625)
(9.000000 1.398188 0.017819)
(9.500000 1.398188 0.020675)
(10.000000 1.359500 0.024844)
(10.500000 1.318437 0.029888)
(11.000000 1.295000 0.034925)
(11.500000 1.283437 0.040706)
(12.000000 1.282125 0.047706)
(12.500000 1.283625 0.055637)
(13.000000 1.284125 0.064600)
(13.500000 1.284250 0.073650)
(14.000000 1.283000 0.082219)
(14.500000 1.283687 0.091725)
(15.000000 1.285625 0.100575)
(15.500000 1.291375 0.109519)
(16.000000 1.294250 0.119119)
(16.500000 1.305250 0.129181)
(17.000000 1.314250 0.139050)
(17.500000 1.316188 0.148731)
(18.000000 1.316750 0.158606)
(18.500000 1.317000 0.168856)
(19.000000 1.316750 0.179469)
(19.500000 1.315187 0.190262)
(20.000000 1.318312 0.201150)
(20.500000 1.330594 0.212403)
(21.000000 1.328812 0.223750)
(21.500000 1.305469 0.237762)
(22.000000 1.282125 0.251775)
(22.500000 1.257781 0.265869)
(23.000000 1.233437 0.279963)
(23.500000 1.208906 0.294228)
(24.000000 1.184375 0.308494)
(24.500000 1.161187 0.322816)
(25.000000 1.138000 0.337138)
(25.500000 1.116219 0.351425)
(26.000000 1.094438 0.365712)
(26.500000 1.075047 0.379919)
(27.000000 1.055656 0.394125)
(27.500000 1.036266 0.408331)
(28.000000 1.016875 0.422538)
(28.500000 1.002594 0.436417)
(29.000000 0.988313 0.450297)
(29.500000 0.974031 0.464177)
(30.000000 0.959750 0.478056)
(30.500000 0.952781 0.491402)
(31.000000 0.945813 0.504747)
(31.500000 0.938844 0.518092)
(32.000000 0.931875 0.531438)
(32.500000 0.932865 0.544145)
(33.000000 0.933854 0.556852)
(33.500000 0.934844 0.569559)
(34.000000 0.935833 0.582267)
(34.500000 0.936823 0.594974)
(35.000000 0.937813 0.607681)
(35.500000 0.938119 0.620283)
(36.000000 0.938425 0.632885)
(36.500000 0.938731 0.645487)
(37.000000 0.939038 0.658089)
(37.500000 0.939344 0.670691)
(38.000000 0.939650 0.683293)
(38.500000 0.939956 0.695894)
(39.000000 0.940263 0.708496)
(39.500000 0.940569 0.721098)
(40.000000 0.940875 0.733700)
(40.500000 0.938744 0.745904)
(41.000000 0.936613 0.758108)
(41.500000 0.934481 0.770311)
(42.000000 0.932350 0.782515)
(42.500000 0.930219 0.794719)
(43.000000 0.928088 0.806923)
(43.500000 0.925956 0.819126)
(44.000000 0.923825 0.831330)
(44.500000 0.921694 0.843534)
(45.000000 0.919563 0.855738)
(45.500000 0.915250 0.867276)
(46.000000 0.910938 0.878814)
(46.500000 0.906625 0.890352)
(47.000000 0.902313 0.901890)
(47.500000 0.898000 0.913428)
(48.000000 0.893688 0.924966)
(48.500000 0.889375 0.936504)
(49.000000 0.885063 0.948043)
(49.500000 0.880750 0.959581)
(50.000000 0.876438 0.971119)
(50.500000 0.870244 0.981756)
(51.000000 0.864050 0.992393)
(51.500000 0.857856 1.003029)
(52.000000 0.851663 1.013666)
(52.500000 0.845469 1.024303)
(53.000000 0.839275 1.034940)
(53.500000 0.833081 1.045577)
(54.000000 0.826888 1.056214)
(54.500000 0.820694 1.066851)
(55.000000 0.814500 1.077488)
(55.500000 0.806525 1.087009)
(56.000000 0.798550 1.096531)
(56.500000 0.790575 1.106053)
(57.000000 0.782600 1.115575)
(57.500000 0.774625 1.125097)
(58.000000 0.766650 1.134619)
(58.500000 0.758675 1.144141)
(59.000000 0.750700 1.153663)
(59.500000 0.742725 1.163184)
(60.000000 0.734750 1.172706)
(60.500000 0.725475 1.180974)
(61.000000 0.716200 1.189241)
(61.500000 0.706925 1.197509)
(62.000000 0.697650 1.205776)
(62.500000 0.688375 1.214044)
(63.000000 0.679100 1.222311)
(63.500000 0.669825 1.230579)
(64.000000 0.660550 1.238846)
(64.500000 0.651275 1.247114)
(65.000000 0.642000 1.255381)
(65.500000 0.631519 1.262276)
(66.000000 0.621038 1.269171)
(66.500000 0.610556 1.276066)
(67.000000 0.600075 1.282961)
(67.500000 0.589594 1.289856)
(68.000000 0.579113 1.296751)
(68.500000 0.568631 1.303646)
(69.000000 0.558150 1.310541)
(69.500000 0.547669 1.317436)
(70.000000 0.537188 1.324331)
(70.500000 0.525800 1.329763)
(71.000000 0.514413 1.335194)
(71.500000 0.503025 1.340625)
(72.000000 0.491638 1.346056)
(72.500000 0.480250 1.351488)
(73.000000 0.468863 1.356919)
(73.500000 0.457475 1.362350)
(74.000000 0.446088 1.367781)
(74.500000 0.434700 1.373213)
(75.000000 0.423313 1.378644)
(75.500000 0.411300 1.382554)
(76.000000 0.399288 1.386464)
(76.500000 0.387275 1.390374)
(77.000000 0.375263 1.394284)
(77.500000 0.363250 1.398194)
(78.000000 0.351238 1.402104)
(78.500000 0.339225 1.406014)
(79.000000 0.327213 1.409924)
(79.500000 0.315200 1.413834)
(80.000000 0.303188 1.417744)
(80.500000 0.290750 1.420125)
(81.000000 0.278313 1.422506)
(81.500000 0.265875 1.424887)
(82.000000 0.253438 1.427269)
(82.500000 0.241000 1.429650)
(83.000000 0.228563 1.432031)
(83.500000 0.216125 1.434413)
(84.000000 0.203687 1.436794)
(84.500000 0.191250 1.439175)
(85.000000 0.178812 1.441556)
(85.500000 0.166231 1.442554)
(86.000000 0.153650 1.443551)
(86.500000 0.141069 1.444549)
(87.000000 0.128488 1.445546)
(87.500000 0.115906 1.446544)
(88.000000 0.103325 1.447541)
(88.500000 0.090744 1.448539)
(89.000000 0.078162 1.449536)
(89.500000 0.065581 1.450534)
(90.000000 0.053000 1.451531)
(90.500000 0.040394 1.451211)
(91.000000 0.027787 1.450891)
(91.500000 0.015181 1.450571)
(92.000000 0.002575 1.450251)
(92.500000 -0.010031 1.449931)
(93.000000 -0.022637 1.449611)
(93.500000 -0.035244 1.449291)
(94.000000 -0.047850 1.448971)
(94.500000 -0.060456 1.448651)
(95.000000 -0.073063 1.448331)
(95.500000 -0.085562 1.446470)
(96.000000 -0.098063 1.444609)
(96.500000 -0.110562 1.442747)
(97.000000 -0.123063 1.440886)
(97.500000 -0.135563 1.439025)
(98.000000 -0.148062 1.437164)
(98.500000 -0.160562 1.435303)
(99.000000 -0.173063 1.433441)
(99.500000 -0.185563 1.431580)
(100.000000 -0.198063 1.429719)
(100.500000 -0.210169 1.426318)
(101.000000 -0.222275 1.422918)
(101.500000 -0.234381 1.419517)
(102.000000 -0.246488 1.416116)
(102.500000 -0.258594 1.412716)
(103.000000 -0.270700 1.409315)
(103.500000 -0.282806 1.405914)
(104.000000 -0.294913 1.402514)
(104.500000 -0.307019 1.399113)
(105.000000 -0.319125 1.395713)
(105.500000 -0.330625 1.390811)
(106.000000 -0.342125 1.385910)
(106.500000 -0.353625 1.381009)
(107.000000 -0.365125 1.376108)
(107.500000 -0.376625 1.371206)
(108.000000 -0.388125 1.366305)
(108.500000 -0.399625 1.361404)
(109.000000 -0.411125 1.356502)
(109.500000 -0.422625 1.351601)
(110.000000 -0.434125 1.346700)
(110.500000 -0.444825 1.340348)
(111.000000 -0.455525 1.333996)
(111.500000 -0.466225 1.327644)
(112.000000 -0.476925 1.321292)
(112.500000 -0.487625 1.314941)
(113.000000 -0.498325 1.308589)
(113.500000 -0.509025 1.302237)
(114.000000 -0.519725 1.295885)
(114.500000 -0.530425 1.289533)
(115.000000 -0.541125 1.283181)
(115.500000 -0.550731 1.275459)
(116.000000 -0.560338 1.267737)
(116.500000 -0.569944 1.260016)
(117.000000 -0.579550 1.252294)
(117.500000 -0.589156 1.244572)
(118.000000 -0.598763 1.236850)
(118.500000 -0.608369 1.229128)
(119.000000 -0.617975 1.221406)
(119.500000 -0.627581 1.213684)
(120.000000 -0.637188 1.205963)
(120.500000 -0.645487 1.196961)
(121.000000 -0.653788 1.187959)
(121.500000 -0.662088 1.178957)
(122.000000 -0.670387 1.169955)
(122.500000 -0.678687 1.160953)
(123.000000 -0.686988 1.151951)
(123.500000 -0.695288 1.142949)
(124.000000 -0.703588 1.133947)
(124.500000 -0.711888 1.124946)
(125.000000 -0.720187 1.115944)
(125.500000 -0.726888 1.105811)
(126.000000 -0.733588 1.095679)
(126.500000 -0.740287 1.085546)
(127.000000 -0.746988 1.075414)
(127.500000 -0.753688 1.065281)
(128.000000 -0.760387 1.055149)
(128.500000 -0.767087 1.045016)
(129.000000 -0.773788 1.034884)
(129.500000 -0.780488 1.024751)
(130.000000 -0.787188 1.014619)
(130.500000 -0.792094 1.003506)
(131.000000 -0.797000 0.992394)
(131.500000 -0.801906 0.981281)
(132.000000 -0.806812 0.970169)
(132.500000 -0.811719 0.959056)
(133.000000 -0.816625 0.947944)
(133.500000 -0.821531 0.936831)
(134.000000 -0.826438 0.925719)
(134.500000 -0.831344 0.914606)
(135.000000 -0.836250 0.903494)
(135.500000 -0.839050 0.891611)
(136.000000 -0.841850 0.879728)
(136.500000 -0.844650 0.867844)
(137.000000 -0.847450 0.855961)
(137.500000 -0.850250 0.844078)
(138.000000 -0.853050 0.832195)
(138.500000 -0.855850 0.820312)
(139.000000 -0.858650 0.808429)
(139.500000 -0.861450 0.796546)
(140.000000 -0.864250 0.784663)
(140.500000 -0.864744 0.772260)
(141.000000 -0.865238 0.759858)
(141.500000 -0.865731 0.747455)
(142.000000 -0.866225 0.735052)
(142.500000 -0.866719 0.722650)
(143.000000 -0.867213 0.710248)
(143.500000 -0.867706 0.697845)
(144.000000 -0.868200 0.685442)
(144.500000 -0.868694 0.673040)
(145.000000 -0.869188 0.660637)
(145.500000 -0.866988 0.648044)
(146.000000 -0.864788 0.635451)
(146.500000 -0.862587 0.622858)
(147.000000 -0.860387 0.610265)
(147.500000 -0.858188 0.597672)
(148.000000 -0.855988 0.585079)
(148.500000 -0.853788 0.572486)
(149.000000 -0.851587 0.559893)
(149.500000 -0.849387 0.547299)
(150.000000 -0.847187 0.534706)
(150.500000 -0.841988 0.522274)
(151.000000 -0.836788 0.509841)
(151.500000 -0.831587 0.497409)
(152.000000 -0.826388 0.484976)
(152.500000 -0.821187 0.472544)
(153.000000 -0.815987 0.460111)
(153.500000 -0.810787 0.447679)
(154.000000 -0.805588 0.435246)
(154.500000 -0.800388 0.422814)
(155.000000 -0.795188 0.410381)
(155.500000 -0.786787 0.398569)
(156.000000 -0.778388 0.386756)
(156.500000 -0.769988 0.374944)
(157.000000 -0.761587 0.363131)
(157.500000 -0.753188 0.351319)
(158.000000 -0.744788 0.339506)
(158.500000 -0.736387 0.327694)
(159.000000 -0.727988 0.315881)
(159.500000 -0.719588 0.304069)
(160.000000 -0.711187 0.292256)
(160.500000 -0.714906 0.282489)
(161.000000 -0.718625 0.272722)
(161.500000 -0.722344 0.262955)
(162.000000 -0.726063 0.253188)
(162.500000 -0.729781 0.243420)
(163.000000 -0.733500 0.233653)
(163.500000 -0.737219 0.223886)
(164.000000 -0.740938 0.214119)
(164.500000 -0.744656 0.204352)
(165.000000 -0.748375 0.194584)
(165.500000 -0.752094 0.184817)
(166.000000 -0.755813 0.175050)
(166.500000 -0.759531 0.165283)
(167.000000 -0.763250 0.155516)
(167.500000 -0.766969 0.145748)
(168.000000 -0.770688 0.135981)
(168.500000 -0.774406 0.126214)
(169.000000 -0.778125 0.116447)
(169.500000 -0.781844 0.106680)
(170.000000 -0.785563 0.096912)
(170.500000 -0.746281 0.090561)
(171.000000 -0.707000 0.084210)
(171.500000 -0.667719 0.077859)
(172.000000 -0.628438 0.071507)
(172.500000 -0.589156 0.065156)
(173.000000 -0.549875 0.058805)
(173.500000 -0.510594 0.052454)
(174.000000 -0.471313 0.046102)
(174.500000 -0.432031 0.039751)
(175.000000 -0.392750 0.033400)
(175.500000 -0.353475 0.031918)
(176.000000 -0.314200 0.030436)
(176.500000 -0.274925 0.028954)
(177.000000 -0.235650 0.027473)
(177.500000 -0.196375 0.025991)
(178.000000 -0.157100 0.024509)
(178.500000 -0.117825 0.023027)
(179.000000 -0.078550 0.021545)
(179.500000 -0.039275 0.020063)
(180.000000 0.000000 0.018581)
