// Polars table of section_6 for NREL 5MW 
// AOA    Cl    Cd 
(-180.000000 0.000000 0.212344)
(-179.500000 0.010355 0.212804)
(-179.000000 0.020710 0.213265)
(-178.500000 0.031065 0.213726)
(-178.000000 0.041420 0.214187)
(-177.500000 0.051776 0.214647)
(-177.000000 0.062131 0.215108)
(-176.500000 0.072486 0.215569)
(-176.000000 0.082841 0.216030)
(-175.500000 0.093196 0.216490)
(-175.000000 0.103551 0.216951)
(-174.500000 0.112054 0.218889)
(-174.000000 0.120556 0.220827)
(-173.500000 0.129059 0.222765)
(-173.000000 0.137561 0.224703)
(-172.500000 0.146064 0.226641)
(-172.000000 0.154567 0.228579)
(-171.500000 0.163069 0.230517)
(-171.000000 0.171572 0.232455)
(-170.500000 0.180074 0.234393)
(-170.000000 0.188577 0.236331)
(-169.500000 0.194396 0.240934)
(-169.000000 0.200215 0.245537)
(-168.500000 0.206033 0.250140)
(-168.000000 0.211852 0.254742)
(-167.500000 0.217671 0.259345)
(-167.000000 0.223490 0.263948)
(-166.500000 0.229309 0.268551)
(-166.000000 0.235128 0.273154)
(-165.500000 0.240946 0.277756)
(-165.000000 0.246765 0.282359)
(-164.500000 0.252584 0.286962)
(-164.000000 0.258403 0.291565)
(-163.500000 0.264222 0.296168)
(-163.000000 0.270040 0.300770)
(-162.500000 0.275859 0.305373)
(-162.000000 0.281678 0.309976)
(-161.500000 0.287497 0.314579)
(-161.000000 0.293316 0.319182)
(-160.500000 0.299134 0.323784)
(-160.000000 0.304953 0.328387)
(-159.500000 0.308421 0.333774)
(-159.000000 0.311888 0.339160)
(-158.500000 0.315356 0.344547)
(-158.000000 0.318823 0.349933)
(-157.500000 0.322291 0.355320)
(-157.000000 0.325759 0.360707)
(-156.500000 0.329226 0.366093)
(-156.000000 0.332694 0.371480)
(-155.500000 0.336161 0.376866)
(-155.000000 0.339629 0.382253)
(-154.500000 0.341624 0.387839)
(-154.000000 0.343619 0.393425)
(-153.500000 0.345614 0.399011)
(-153.000000 0.347609 0.404597)
(-152.500000 0.349604 0.410183)
(-152.000000 0.351599 0.415769)
(-151.500000 0.353594 0.421355)
(-151.000000 0.355589 0.426941)
(-150.500000 0.357584 0.432527)
(-150.000000 0.359579 0.438113)
(-149.500000 0.360291 0.443719)
(-149.000000 0.361004 0.449324)
(-148.500000 0.361716 0.454929)
(-148.000000 0.362429 0.460534)
(-147.500000 0.363141 0.466139)
(-147.000000 0.363854 0.471744)
(-146.500000 0.364566 0.477349)
(-146.000000 0.365279 0.482954)
(-145.500000 0.365991 0.488559)
(-145.000000 0.366704 0.494164)
(-144.500000 0.366229 0.499627)
(-144.000000 0.365754 0.505089)
(-143.500000 0.365279 0.510552)
(-143.000000 0.364804 0.516014)
(-142.500000 0.364329 0.521477)
(-142.000000 0.363854 0.526939)
(-141.500000 0.363379 0.532402)
(-141.000000 0.362904 0.537865)
(-140.500000 0.362429 0.543327)
(-140.000000 0.361954 0.548790)
(-139.500000 0.360481 0.553977)
(-139.000000 0.359009 0.559164)
(-138.500000 0.357536 0.564351)
(-138.000000 0.356064 0.569538)
(-137.500000 0.354591 0.574725)
(-137.000000 0.353119 0.579912)
(-136.500000 0.351646 0.585099)
(-136.000000 0.350174 0.590286)
(-135.500000 0.348701 0.595473)
(-135.000000 0.347229 0.600660)
(-134.500000 0.344806 0.605463)
(-134.000000 0.342384 0.610265)
(-133.500000 0.339961 0.615067)
(-133.000000 0.337539 0.619869)
(-132.500000 0.335116 0.624672)
(-132.000000 0.332694 0.629474)
(-131.500000 0.330271 0.634276)
(-131.000000 0.327849 0.639079)
(-130.500000 0.325426 0.643881)
(-130.000000 0.323003 0.648683)
(-129.500000 0.319821 0.653015)
(-129.000000 0.316638 0.657347)
(-128.500000 0.313456 0.661679)
(-128.000000 0.310273 0.666011)
(-127.500000 0.307091 0.670343)
(-127.000000 0.303908 0.674676)
(-126.500000 0.300726 0.679008)
(-126.000000 0.297543 0.683340)
(-125.500000 0.294361 0.687672)
(-125.000000 0.291178 0.692004)
(-124.500000 0.287331 0.695799)
(-124.000000 0.283483 0.699594)
(-123.500000 0.279636 0.703390)
(-123.000000 0.275788 0.707185)
(-122.500000 0.271940 0.710980)
(-122.000000 0.268093 0.714775)
(-121.500000 0.264245 0.718571)
(-121.000000 0.260398 0.722366)
(-120.500000 0.256550 0.726161)
(-120.000000 0.252703 0.729957)
(-119.500000 0.248285 0.733163)
(-119.000000 0.243868 0.736369)
(-118.500000 0.239450 0.739575)
(-118.000000 0.235033 0.742782)
(-117.500000 0.230615 0.745988)
(-117.000000 0.226197 0.749194)
(-116.500000 0.221780 0.752401)
(-116.000000 0.217362 0.755607)
(-115.500000 0.212945 0.758813)
(-115.000000 0.208527 0.762019)
(-114.500000 0.203682 0.764594)
(-114.000000 0.198837 0.767168)
(-113.500000 0.193992 0.769743)
(-113.000000 0.189147 0.772318)
(-112.500000 0.184302 0.774892)
(-112.000000 0.179457 0.777467)
(-111.500000 0.174612 0.780041)
(-111.000000 0.169767 0.782616)
(-110.500000 0.164922 0.785190)
(-110.000000 0.160077 0.787765)
(-109.500000 0.154899 0.789674)
(-109.000000 0.149722 0.791584)
(-108.500000 0.144544 0.793493)
(-108.000000 0.139367 0.795403)
(-107.500000 0.134189 0.797312)
(-107.000000 0.129011 0.799222)
(-106.500000 0.123834 0.801131)
(-106.000000 0.118656 0.803041)
(-105.500000 0.113479 0.804950)
(-105.000000 0.108301 0.806860)
(-104.500000 0.102886 0.808095)
(-104.000000 0.097471 0.809330)
(-103.500000 0.092056 0.810565)
(-103.000000 0.086641 0.811800)
(-102.500000 0.081226 0.813035)
(-102.000000 0.075811 0.814270)
(-101.500000 0.070396 0.815505)
(-101.000000 0.064981 0.816740)
(-100.500000 0.059566 0.817975)
(-100.000000 0.054151 0.819210)
(-99.500000 0.048641 0.819752)
(-99.000000 0.043130 0.820293)
(-98.500000 0.037620 0.820835)
(-98.000000 0.032110 0.821376)
(-97.500000 0.026600 0.821918)
(-97.000000 0.021090 0.822459)
(-96.500000 0.015580 0.823001)
(-96.000000 0.010070 0.823542)
(-95.500000 0.004560 0.824084)
(-95.000000 -0.000950 0.824625)
(-94.500000 -0.006555 0.824473)
(-94.000000 -0.012160 0.824321)
(-93.500000 -0.017765 0.824169)
(-93.000000 -0.023370 0.824017)
(-92.500000 -0.028975 0.823865)
(-92.000000 -0.034580 0.823713)
(-91.500000 -0.040185 0.823561)
(-91.000000 -0.045790 0.823409)
(-90.500000 -0.051396 0.823257)
(-90.000000 -0.057001 0.823105)
(-89.500000 -0.062511 0.822264)
(-89.000000 -0.068021 0.821424)
(-88.500000 -0.073531 0.820583)
(-88.000000 -0.079041 0.819742)
(-87.500000 -0.084551 0.818901)
(-87.000000 -0.090061 0.818061)
(-86.500000 -0.095571 0.817220)
(-86.000000 -0.101081 0.816379)
(-85.500000 -0.106591 0.815538)
(-85.000000 -0.112101 0.814698)
(-84.500000 -0.117469 0.813182)
(-84.000000 -0.122836 0.811667)
(-83.500000 -0.128204 0.810152)
(-83.000000 -0.133571 0.808636)
(-82.500000 -0.138939 0.807121)
(-82.000000 -0.144307 0.805606)
(-81.500000 -0.149674 0.804091)
(-81.000000 -0.155042 0.802575)
(-80.500000 -0.160409 0.801060)
(-80.000000 -0.165777 0.799545)
(-79.500000 -0.170859 0.797374)
(-79.000000 -0.175942 0.795203)
(-78.500000 -0.181024 0.793033)
(-78.000000 -0.186107 0.790862)
(-77.500000 -0.191190 0.788691)
(-77.000000 -0.196272 0.786520)
(-76.500000 -0.201355 0.784349)
(-76.000000 -0.206437 0.782179)
(-75.500000 -0.211520 0.780008)
(-75.000000 -0.216602 0.777837)
(-74.500000 -0.221400 0.775039)
(-74.000000 -0.226197 0.772242)
(-73.500000 -0.230995 0.769444)
(-73.000000 -0.235793 0.766646)
(-72.500000 -0.240590 0.763848)
(-72.000000 -0.245388 0.761050)
(-71.500000 -0.250185 0.758253)
(-71.000000 -0.254983 0.755455)
(-70.500000 -0.259780 0.752657)
(-70.000000 -0.264578 0.749859)
(-69.500000 -0.268853 0.746468)
(-69.000000 -0.273128 0.743076)
(-68.500000 -0.277403 0.739685)
(-68.000000 -0.281678 0.736293)
(-67.500000 -0.285953 0.732902)
(-67.000000 -0.290228 0.729510)
(-66.500000 -0.294503 0.726119)
(-66.000000 -0.298778 0.722727)
(-65.500000 -0.303053 0.719335)
(-65.000000 -0.307328 0.715944)
(-64.500000 -0.311128 0.712011)
(-64.000000 -0.314928 0.708078)
(-63.500000 -0.318728 0.704145)
(-63.000000 -0.322528 0.700212)
(-62.500000 -0.326329 0.696279)
(-62.000000 -0.330129 0.692346)
(-61.500000 -0.333929 0.688413)
(-61.000000 -0.337729 0.684480)
(-60.500000 -0.341529 0.680547)
(-60.000000 -0.345329 0.676614)
(-59.500000 -0.348416 0.672196)
(-59.000000 -0.351504 0.667778)
(-58.500000 -0.354591 0.663361)
(-58.000000 -0.357679 0.658943)
(-57.500000 -0.360766 0.654526)
(-57.000000 -0.363854 0.650108)
(-56.500000 -0.366941 0.645691)
(-56.000000 -0.370029 0.641273)
(-55.500000 -0.373117 0.636856)
(-55.000000 -0.376204 0.632438)
(-54.500000 -0.378579 0.627607)
(-54.000000 -0.380954 0.622776)
(-53.500000 -0.383329 0.617946)
(-53.000000 -0.385704 0.613115)
(-52.500000 -0.388079 0.608284)
(-52.000000 -0.390454 0.603453)
(-51.500000 -0.392829 0.598622)
(-51.000000 -0.395204 0.593792)
(-50.500000 -0.397579 0.588961)
(-50.000000 -0.399954 0.584130)
(-49.500000 -0.401474 0.578981)
(-49.000000 -0.402994 0.573832)
(-48.500000 -0.404514 0.568683)
(-48.000000 -0.406034 0.563534)
(-47.500000 -0.407554 0.558385)
(-47.000000 -0.409074 0.553236)
(-46.500000 -0.410594 0.548087)
(-46.000000 -0.412114 0.542938)
(-45.500000 -0.413634 0.537789)
(-45.000000 -0.415154 0.532639)
(-44.500000 -0.415724 0.527272)
(-44.000000 -0.416294 0.521904)
(-43.500000 -0.416864 0.516537)
(-43.000000 -0.417435 0.511169)
(-42.500000 -0.418005 0.505802)
(-42.000000 -0.418575 0.500434)
(-41.500000 -0.419145 0.495067)
(-41.000000 -0.419715 0.489699)
(-40.500000 -0.420285 0.484331)
(-40.000000 -0.420855 0.478964)
(-39.500000 -0.420332 0.473511)
(-39.000000 -0.419810 0.468058)
(-38.500000 -0.419287 0.462605)
(-38.000000 -0.418765 0.457152)
(-37.500000 -0.418242 0.451699)
(-37.000000 -0.417720 0.446246)
(-36.500000 -0.417197 0.440792)
(-36.000000 -0.416674 0.435339)
(-35.500000 -0.416152 0.429886)
(-35.000000 -0.415629 0.424433)
(-34.500000 -0.413919 0.419042)
(-34.000000 -0.412209 0.413651)
(-33.500000 -0.410499 0.408259)
(-33.000000 -0.408789 0.402868)
(-32.500000 -0.407079 0.397477)
(-32.000000 -0.405369 0.392085)
(-31.500000 -0.403659 0.386694)
(-31.000000 -0.401949 0.381303)
(-30.500000 -0.400239 0.375912)
(-30.000000 -0.398529 0.370520)
(-29.500000 -0.395584 0.365376)
(-29.000000 -0.392639 0.360232)
(-28.500000 -0.389694 0.355087)
(-28.000000 -0.386749 0.349943)
(-27.500000 -0.383804 0.344799)
(-27.000000 -0.380859 0.339654)
(-26.500000 -0.377914 0.334510)
(-26.000000 -0.374969 0.329366)
(-25.500000 -0.372024 0.324221)
(-25.000000 -0.369079 0.319077)
(-24.500000 -0.365279 0.314161)
(-24.000000 -0.361479 0.309245)
(-23.500000 -0.357441 0.304447)
(-23.000000 -0.353404 0.299649)
(-22.500000 -0.348891 0.294947)
(-22.000000 -0.344379 0.290244)
(-21.500000 -0.339866 0.285661)
(-21.000000 -0.335354 0.281077)
(-20.500000 -0.330366 0.276612)
(-20.000000 -0.325379 0.272147)
(-19.500000 -0.319916 0.268014)
(-19.000000 -0.314453 0.263882)
(-18.500000 -0.308041 0.260224)
(-18.000000 -0.301628 0.256566)
(-17.500000 -0.294503 0.253360)
(-17.000000 -0.287378 0.250154)
(-16.500000 -0.279303 0.247375)
(-16.000000 -0.271228 0.244596)
(-15.500000 -0.262440 0.242269)
(-15.000000 -0.253653 0.239941)
(-14.500000 -0.244153 0.237994)
(-14.000000 -0.234653 0.236046)
(-13.500000 -0.224677 0.234503)
(-13.000000 -0.214702 0.232959)
(-12.500000 -0.204015 0.231771)
(-12.000000 -0.193327 0.230584)
(-11.500000 -0.182164 0.229752)
(-11.000000 -0.171002 0.228921)
(-10.500000 -0.159364 0.228446)
(-10.000000 -0.147727 0.227971)
(-9.500000 -0.135495 0.227959)
(-9.000000 -0.123264 0.227947)
(-8.500000 -0.111032 0.227936)
(-8.000000 -0.098801 0.227924)
(-7.500000 -0.087282 0.225062)
(-7.000000 -0.075763 0.222200)
(-6.500000 -0.064244 0.219338)
(-6.000000 -0.052726 0.216476)
(-5.500000 -0.042750 0.212914)
(-5.000000 -0.034200 0.209731)
(-4.500000 -0.030875 0.206548)
(-4.000000 -0.025650 0.203271)
(-3.500000 -0.008075 0.200326)
(-3.000000 0.001425 0.197951)
(-2.500000 0.006650 0.195861)
(-2.000000 0.004275 0.193153)
(-1.500000 0.001900 0.191538)
(-1.000000 0.017100 0.190731)
(-0.500000 0.034675 0.190256)
(0.000000 0.065076 0.189116)
(0.500000 0.101176 0.189163)
(1.000000 0.138701 0.189353)
(1.500000 0.175277 0.189543)
(2.000000 0.210902 0.189638)
(2.500000 0.244153 0.189638)
(3.000000 0.275503 0.189591)
(3.500000 0.306378 0.189448)
(4.000000 0.337254 0.189401)
(4.500000 0.368604 0.189543)
(5.000000 0.399479 0.189686)
(5.500000 0.429405 0.189876)
(6.000000 0.459330 0.190161)
(6.500000 0.487830 0.190588)
(7.000000 0.514906 0.191253)
(7.500000 0.541506 0.192013)
(8.000000 0.566681 0.193153)
(8.500000 0.589956 0.194721)
(9.000000 0.611332 0.196811)
(9.500000 0.633182 0.199091)
(10.000000 0.649807 0.202416)
(10.500000 0.665007 0.206311)
(11.000000 0.676882 0.211299)
(11.500000 0.688282 0.216571)
(12.000000 0.699683 0.222509)
(12.500000 0.709658 0.229966)
(13.000000 0.718683 0.237376)
(13.500000 0.730558 0.244929)
(14.000000 0.742196 0.253526)
(14.500000 0.753833 0.262124)
(15.000000 0.766658 0.271387)
(15.500000 0.774733 0.281219)
(16.000000 0.783283 0.290624)
(16.500000 0.791359 0.300932)
(17.000000 0.798484 0.311240)
(17.500000 0.807034 0.321500)
(18.000000 0.816534 0.331997)
(18.500000 0.824134 0.342281)
(19.000000 0.831734 0.352565)
(19.500000 0.839334 0.363443)
(20.000000 0.846697 0.373632)
(20.500000 0.854059 0.383820)
(21.000000 0.859759 0.393463)
(21.500000 0.864509 0.403319)
(22.000000 0.869259 0.413176)
(22.500000 0.873297 0.423317)
(23.000000 0.877334 0.433458)
(23.500000 0.880659 0.443837)
(24.000000 0.883985 0.454216)
(24.500000 0.886597 0.464832)
(25.000000 0.889210 0.475449)
(25.500000 0.891347 0.486184)
(26.000000 0.893485 0.496919)
(26.500000 0.895028 0.507844)
(27.000000 0.896572 0.518769)
(27.500000 0.898116 0.529694)
(28.000000 0.899660 0.540620)
(28.500000 0.900847 0.551640)
(29.000000 0.902035 0.562660)
(29.500000 0.903222 0.573680)
(30.000000 0.904410 0.584700)
(30.500000 0.905716 0.595661)
(31.000000 0.907022 0.606622)
(31.500000 0.908329 0.617582)
(32.000000 0.909635 0.628543)
(32.500000 0.910743 0.639294)
(33.000000 0.911851 0.650045)
(33.500000 0.912960 0.660796)
(34.000000 0.914068 0.671547)
(34.500000 0.915177 0.682298)
(35.000000 0.916285 0.693049)
(35.500000 0.915050 0.703266)
(36.000000 0.913815 0.713483)
(36.500000 0.912580 0.723701)
(37.000000 0.911345 0.733918)
(37.500000 0.910110 0.744135)
(38.000000 0.908875 0.754353)
(38.500000 0.907640 0.764570)
(39.000000 0.906405 0.774788)
(39.500000 0.905170 0.785005)
(40.000000 0.903935 0.795222)
(40.500000 0.899992 0.804357)
(41.000000 0.896050 0.813491)
(41.500000 0.892107 0.822625)
(42.000000 0.888165 0.831760)
(42.500000 0.884222 0.840894)
(43.000000 0.880279 0.850028)
(43.500000 0.876337 0.859163)
(44.000000 0.872394 0.868297)
(44.500000 0.868452 0.877431)
(45.000000 0.864509 0.886566)
(45.500000 0.858334 0.894190)
(46.000000 0.852159 0.901813)
(46.500000 0.845984 0.909437)
(47.000000 0.839809 0.917061)
(47.500000 0.833634 0.924685)
(48.000000 0.827459 0.932309)
(48.500000 0.821284 0.939933)
(49.000000 0.815109 0.947556)
(49.500000 0.808934 0.955180)
(50.000000 0.802759 0.962804)
(50.500000 0.794779 0.968542)
(51.000000 0.786798 0.974280)
(51.500000 0.778818 0.980018)
(52.000000 0.770838 0.985756)
(52.500000 0.762858 0.991494)
(53.000000 0.754878 0.997232)
(53.500000 0.746898 1.002971)
(54.000000 0.738918 1.008709)
(54.500000 0.730938 1.014447)
(55.000000 0.722958 1.020185)
(55.500000 0.713505 1.023752)
(56.000000 0.704053 1.027319)
(56.500000 0.694600 1.030887)
(57.000000 0.685147 1.034454)
(57.500000 0.675695 1.038021)
(58.000000 0.666242 1.041588)
(58.500000 0.656790 1.045156)
(59.000000 0.647337 1.048723)
(59.500000 0.637884 1.052290)
(60.000000 0.628432 1.055858)
(60.500000 0.618124 1.057064)
(61.000000 0.607817 1.058271)
(61.500000 0.597509 1.059477)
(62.000000 0.587201 1.060684)
(62.500000 0.576894 1.061890)
(63.000000 0.566586 1.063097)
(63.500000 0.556278 1.064303)
(64.000000 0.545971 1.065510)
(64.500000 0.535663 1.066716)
(65.000000 0.525356 1.067923)
(65.500000 0.514621 1.066654)
(66.000000 0.503885 1.065386)
(66.500000 0.493150 1.064118)
(67.000000 0.482415 1.062850)
(67.500000 0.471680 1.061581)
(68.000000 0.460945 1.060313)
(68.500000 0.450210 1.059045)
(69.000000 0.439475 1.057777)
(69.500000 0.428740 1.056508)
(70.000000 0.418005 1.055240)
(70.500000 0.407459 1.051535)
(71.000000 0.396914 1.047830)
(71.500000 0.386369 1.044125)
(72.000000 0.375824 1.040420)
(72.500000 0.365279 1.036715)
(73.000000 0.354734 1.033010)
(73.500000 0.344189 1.029305)
(74.000000 0.333644 1.025600)
(74.500000 0.323098 1.021895)
(75.000000 0.312553 1.018190)
(75.500000 0.302626 1.012333)
(76.000000 0.292698 1.006476)
(76.500000 0.282771 1.000619)
(77.000000 0.272843 0.994762)
(77.500000 0.262915 0.988906)
(78.000000 0.252988 0.983049)
(78.500000 0.243060 0.977192)
(79.000000 0.233133 0.971335)
(79.500000 0.223205 0.965478)
(80.000000 0.213277 0.959622)
(80.500000 0.204632 0.952558)
(81.000000 0.195987 0.945495)
(81.500000 0.187342 0.938432)
(82.000000 0.178697 0.931368)
(82.500000 0.170052 0.924305)
(83.000000 0.161407 0.917242)
(83.500000 0.152762 0.910178)
(84.000000 0.144117 0.903115)
(84.500000 0.135471 0.896052)
(85.000000 0.126826 0.888988)
(85.500000 0.120034 0.884390)
(86.000000 0.113241 0.879792)
(86.500000 0.106449 0.875194)
(87.000000 0.099656 0.870596)
(87.500000 0.092864 0.865998)
(88.000000 0.086071 0.861400)
(88.500000 0.079278 0.856802)
(89.000000 0.072486 0.852204)
(89.500000 0.065693 0.847606)
(90.000000 0.058901 0.843008)
(90.500000 0.053106 0.843165)
(91.000000 0.047311 0.843321)
(91.500000 0.041515 0.843478)
(92.000000 0.035720 0.843635)
(92.500000 0.029925 0.843792)
(93.000000 0.024130 0.843948)
(93.500000 0.018335 0.844105)
(94.000000 0.012540 0.844262)
(94.500000 0.006745 0.844419)
(95.000000 0.000950 0.844575)
(95.500000 -0.004750 0.844020)
(96.000000 -0.010450 0.843464)
(96.500000 -0.016150 0.842908)
(97.000000 -0.021850 0.842352)
(97.500000 -0.027550 0.841797)
(98.000000 -0.033250 0.841241)
(98.500000 -0.038950 0.840685)
(99.000000 -0.044650 0.840129)
(99.500000 -0.050351 0.839574)
(100.000000 -0.056051 0.839018)
(100.500000 -0.061608 0.837750)
(101.000000 -0.067166 0.836481)
(101.500000 -0.072723 0.835213)
(102.000000 -0.078281 0.833945)
(102.500000 -0.083838 0.832676)
(103.000000 -0.089396 0.831408)
(103.500000 -0.094954 0.830140)
(104.000000 -0.100511 0.828872)
(104.500000 -0.106069 0.827603)
(105.000000 -0.111626 0.826335)
(105.500000 -0.116994 0.824369)
(106.000000 -0.122361 0.822402)
(106.500000 -0.127729 0.820436)
(107.000000 -0.133096 0.818469)
(107.500000 -0.138464 0.816503)
(108.000000 -0.143832 0.814536)
(108.500000 -0.149199 0.812569)
(109.000000 -0.154567 0.810603)
(109.500000 -0.159934 0.808636)
(110.000000 -0.165302 0.806670)
(110.500000 -0.170289 0.804024)
(111.000000 -0.175277 0.801378)
(111.500000 -0.180264 0.798733)
(112.000000 -0.185252 0.796087)
(112.500000 -0.190240 0.793441)
(113.000000 -0.195227 0.790795)
(113.500000 -0.200215 0.788149)
(114.000000 -0.205202 0.785504)
(114.500000 -0.210190 0.782858)
(115.000000 -0.215177 0.780212)
(115.500000 -0.219737 0.776920)
(116.000000 -0.224297 0.773629)
(116.500000 -0.228857 0.770337)
(117.000000 -0.233418 0.767045)
(117.500000 -0.237978 0.763753)
(118.000000 -0.242538 0.760461)
(118.500000 -0.247098 0.757170)
(119.000000 -0.251658 0.753878)
(119.500000 -0.256218 0.750586)
(120.000000 -0.260778 0.747294)
(120.500000 -0.264768 0.743385)
(121.000000 -0.268758 0.739476)
(121.500000 -0.272748 0.735566)
(122.000000 -0.276738 0.731657)
(122.500000 -0.280728 0.727748)
(123.000000 -0.284718 0.723839)
(123.500000 -0.288708 0.719929)
(124.000000 -0.292698 0.716020)
(124.500000 -0.296688 0.712111)
(125.000000 -0.300678 0.708201)
(125.500000 -0.303956 0.703741)
(126.000000 -0.307233 0.699281)
(126.500000 -0.310511 0.694820)
(127.000000 -0.313788 0.690360)
(127.500000 -0.317066 0.685900)
(128.000000 -0.320343 0.681440)
(128.500000 -0.323621 0.676979)
(129.000000 -0.326899 0.672519)
(129.500000 -0.330176 0.668059)
(130.000000 -0.333454 0.663598)
(130.500000 -0.335924 0.658649)
(131.000000 -0.338394 0.653699)
(131.500000 -0.340864 0.648750)
(132.000000 -0.343334 0.643800)
(132.500000 -0.345804 0.638851)
(133.000000 -0.348274 0.633901)
(133.500000 -0.350744 0.628952)
(134.000000 -0.353214 0.624002)
(134.500000 -0.355684 0.619052)
(135.000000 -0.358154 0.614103)
(135.500000 -0.359721 0.608759)
(136.000000 -0.361289 0.603415)
(136.500000 -0.362856 0.598071)
(137.000000 -0.364424 0.592728)
(137.500000 -0.365991 0.587384)
(138.000000 -0.367559 0.582040)
(138.500000 -0.369126 0.576696)
(139.000000 -0.370694 0.571352)
(139.500000 -0.372262 0.566009)
(140.000000 -0.373829 0.560665)
(140.500000 -0.374304 0.555036)
(141.000000 -0.374779 0.549407)
(141.500000 -0.375254 0.543778)
(142.000000 -0.375729 0.538150)
(142.500000 -0.376204 0.532521)
(143.000000 -0.376679 0.526892)
(143.500000 -0.377154 0.521263)
(144.000000 -0.377629 0.515634)
(144.500000 -0.378104 0.510005)
(145.000000 -0.378579 0.504377)
(145.500000 -0.377867 0.498591)
(146.000000 -0.377154 0.492806)
(146.500000 -0.376442 0.487020)
(147.000000 -0.375729 0.481234)
(147.500000 -0.375017 0.475449)
(148.000000 -0.374304 0.469663)
(148.500000 -0.373592 0.463878)
(149.000000 -0.372879 0.458092)
(149.500000 -0.372167 0.452307)
(150.000000 -0.371454 0.446521)
(150.500000 -0.369411 0.440754)
(151.000000 -0.367369 0.434988)
(151.500000 -0.365326 0.429221)
(152.000000 -0.363284 0.423455)
(152.500000 -0.361241 0.417688)
(153.000000 -0.359199 0.411922)
(153.500000 -0.357156 0.406155)
(154.000000 -0.355114 0.400389)
(154.500000 -0.353071 0.394622)
(155.000000 -0.351029 0.388855)
(155.500000 -0.347466 0.383293)
(156.000000 -0.343904 0.377731)
(156.500000 -0.340341 0.372168)
(157.000000 -0.336779 0.366606)
(157.500000 -0.333216 0.361044)
(158.000000 -0.329654 0.355482)
(158.500000 -0.326091 0.349919)
(159.000000 -0.322528 0.344357)
(159.500000 -0.318966 0.338795)
(160.000000 -0.315403 0.333232)
(160.500000 -0.309371 0.328475)
(161.000000 -0.303338 0.323718)
(161.500000 -0.297306 0.318961)
(162.000000 -0.291273 0.314204)
(162.500000 -0.285241 0.309446)
(163.000000 -0.279208 0.304689)
(163.500000 -0.273175 0.299932)
(164.000000 -0.267143 0.295175)
(164.500000 -0.261110 0.290418)
(165.000000 -0.255078 0.285661)
(165.500000 -0.249045 0.280903)
(166.000000 -0.243013 0.276146)
(166.500000 -0.236980 0.271389)
(167.000000 -0.230947 0.266632)
(167.500000 -0.224915 0.261875)
(168.000000 -0.218882 0.257117)
(168.500000 -0.212850 0.252360)
(169.000000 -0.206817 0.247603)
(169.500000 -0.200785 0.242846)
(170.000000 -0.194752 0.238089)
(170.500000 -0.186012 0.235989)
(171.000000 -0.177272 0.233890)
(171.500000 -0.168532 0.231790)
(172.000000 -0.159792 0.229691)
(172.500000 -0.151052 0.227591)
(173.000000 -0.142312 0.225492)
(173.500000 -0.133571 0.223392)
(174.000000 -0.124831 0.221293)
(174.500000 -0.116091 0.219193)
(175.000000 -0.107351 0.217094)
(175.500000 -0.096616 0.216619)
(176.000000 -0.085881 0.216144)
(176.500000 -0.075146 0.215669)
(177.000000 -0.064411 0.215194)
(177.500000 -0.053676 0.214719)
(178.000000 -0.042940 0.214244)
(178.500000 -0.032205 0.213769)
(179.000000 -0.021470 0.213294)
(179.500000 -0.010735 0.212819)
(180.000000 0.000000 0.212344)
