// Polars table of section_9 for NREL 5MW 
// AOA    Cl    Cd 
(-180.000000 0.000000 0.046794)
(-179.500000 0.022144 0.047784)
(-179.000000 0.044288 0.048775)
(-178.500000 0.066431 0.049766)
(-178.000000 0.088575 0.050756)
(-177.500000 0.110719 0.051747)
(-177.000000 0.132862 0.052737)
(-176.500000 0.155006 0.053728)
(-176.000000 0.177150 0.054719)
(-175.500000 0.199294 0.055709)
(-175.000000 0.221438 0.056700)
(-174.500000 0.239544 0.061743)
(-174.000000 0.257650 0.066785)
(-173.500000 0.275756 0.071828)
(-173.000000 0.293863 0.076870)
(-172.500000 0.311969 0.081912)
(-172.000000 0.330075 0.086955)
(-171.500000 0.348181 0.091997)
(-171.000000 0.366288 0.097040)
(-170.500000 0.384394 0.102082)
(-170.000000 0.402500 0.107125)
(-169.500000 0.415025 0.116777)
(-169.000000 0.427550 0.126429)
(-168.500000 0.440075 0.136082)
(-168.000000 0.452600 0.145734)
(-167.500000 0.465125 0.155386)
(-167.000000 0.477650 0.165038)
(-166.500000 0.490175 0.174690)
(-166.000000 0.502700 0.184343)
(-165.500000 0.515225 0.193995)
(-165.000000 0.527750 0.203647)
(-164.500000 0.540275 0.213299)
(-164.000000 0.552800 0.222951)
(-163.500000 0.565325 0.232603)
(-163.000000 0.577850 0.242256)
(-162.500000 0.590375 0.251908)
(-162.000000 0.602900 0.261560)
(-161.500000 0.615425 0.271212)
(-161.000000 0.627950 0.280864)
(-160.500000 0.640475 0.290517)
(-160.000000 0.653000 0.300169)
(-159.500000 0.660438 0.311543)
(-159.000000 0.667875 0.322918)
(-158.500000 0.675312 0.334292)
(-158.000000 0.682750 0.345666)
(-157.500000 0.690188 0.357041)
(-157.000000 0.697625 0.368415)
(-156.500000 0.705063 0.379789)
(-156.000000 0.712500 0.391164)
(-155.500000 0.719938 0.402538)
(-155.000000 0.727375 0.413913)
(-154.500000 0.731781 0.425748)
(-154.000000 0.736187 0.437584)
(-153.500000 0.740594 0.449419)
(-153.000000 0.745000 0.461255)
(-152.500000 0.749406 0.473091)
(-152.000000 0.753812 0.484926)
(-151.500000 0.758219 0.496762)
(-151.000000 0.762625 0.508598)
(-150.500000 0.767031 0.520433)
(-150.000000 0.771437 0.532269)
(-149.500000 0.773075 0.544172)
(-149.000000 0.774713 0.556075)
(-148.500000 0.776350 0.567978)
(-148.000000 0.777988 0.579881)
(-147.500000 0.779625 0.591784)
(-147.000000 0.781263 0.603688)
(-146.500000 0.782900 0.615591)
(-146.000000 0.784538 0.627494)
(-145.500000 0.786175 0.639397)
(-145.000000 0.787813 0.651300)
(-144.500000 0.786950 0.662931)
(-144.000000 0.786088 0.674561)
(-143.500000 0.785225 0.686192)
(-143.000000 0.784363 0.697823)
(-142.500000 0.783500 0.709453)
(-142.000000 0.782637 0.721084)
(-141.500000 0.781775 0.732714)
(-141.000000 0.780913 0.744345)
(-140.500000 0.780050 0.755976)
(-140.000000 0.779188 0.767606)
(-139.500000 0.776156 0.778671)
(-139.000000 0.773125 0.789735)
(-138.500000 0.770094 0.800799)
(-138.000000 0.767062 0.811864)
(-137.500000 0.764031 0.822928)
(-137.000000 0.761000 0.833993)
(-136.500000 0.757969 0.845057)
(-136.000000 0.754938 0.856121)
(-135.500000 0.751906 0.867186)
(-135.000000 0.748875 0.878250)
(-134.500000 0.743912 0.888518)
(-134.000000 0.738950 0.898786)
(-133.500000 0.733988 0.909054)
(-133.000000 0.729025 0.919322)
(-132.500000 0.724062 0.929591)
(-132.000000 0.719100 0.939859)
(-131.500000 0.714137 0.950127)
(-131.000000 0.709175 0.960395)
(-130.500000 0.704213 0.970663)
(-130.000000 0.699250 0.980931)
(-129.500000 0.692550 0.990223)
(-129.000000 0.685850 0.999515)
(-128.500000 0.679150 1.008807)
(-128.000000 0.672450 1.018099)
(-127.500000 0.665750 1.027391)
(-127.000000 0.659050 1.036682)
(-126.500000 0.652350 1.045974)
(-126.000000 0.645650 1.055266)
(-125.500000 0.638950 1.064558)
(-125.000000 0.632250 1.073850)
(-124.500000 0.624150 1.082012)
(-124.000000 0.616050 1.090174)
(-123.500000 0.607950 1.098336)
(-123.000000 0.599850 1.106497)
(-122.500000 0.591750 1.114659)
(-122.000000 0.583650 1.122821)
(-121.500000 0.575550 1.130983)
(-121.000000 0.567450 1.139145)
(-120.500000 0.559350 1.147307)
(-120.000000 0.551250 1.155469)
(-119.500000 0.541950 1.162391)
(-119.000000 0.532650 1.169312)
(-118.500000 0.523350 1.176234)
(-118.000000 0.514050 1.183156)
(-117.500000 0.504750 1.190078)
(-117.000000 0.495450 1.197000)
(-116.500000 0.486150 1.203922)
(-116.000000 0.476850 1.210844)
(-115.500000 0.467550 1.217766)
(-115.000000 0.458250 1.224687)
(-114.500000 0.448050 1.230279)
(-114.000000 0.437850 1.235871)
(-113.500000 0.427650 1.241463)
(-113.000000 0.417450 1.247055)
(-112.500000 0.407250 1.252647)
(-112.000000 0.397050 1.258239)
(-111.500000 0.386850 1.263831)
(-111.000000 0.376650 1.269422)
(-110.500000 0.366450 1.275014)
(-110.000000 0.356250 1.280606)
(-109.500000 0.345281 1.284798)
(-109.000000 0.334313 1.288990)
(-108.500000 0.323344 1.293182)
(-108.000000 0.312375 1.297374)
(-107.500000 0.301406 1.301566)
(-107.000000 0.290438 1.305758)
(-106.500000 0.279469 1.309949)
(-106.000000 0.268500 1.314141)
(-105.500000 0.257531 1.318333)
(-105.000000 0.246563 1.322525)
(-104.500000 0.235025 1.325283)
(-104.000000 0.223488 1.328041)
(-103.500000 0.211950 1.330799)
(-103.000000 0.200413 1.333557)
(-102.500000 0.188875 1.336316)
(-102.000000 0.177338 1.339074)
(-101.500000 0.165800 1.341832)
(-101.000000 0.154263 1.344590)
(-100.500000 0.142725 1.347348)
(-100.000000 0.131188 1.350106)
(-99.500000 0.119450 1.351391)
(-99.000000 0.107713 1.352675)
(-98.500000 0.095975 1.353959)
(-98.000000 0.084238 1.355244)
(-97.500000 0.072500 1.356528)
(-97.000000 0.060763 1.357812)
(-96.500000 0.049025 1.359097)
(-96.000000 0.037288 1.360381)
(-95.500000 0.025550 1.361666)
(-95.000000 0.013813 1.362950)
(-94.500000 0.001944 1.362768)
(-94.000000 -0.009925 1.362585)
(-93.500000 -0.021794 1.362402)
(-93.000000 -0.033662 1.362220)
(-92.500000 -0.045531 1.362038)
(-92.000000 -0.057400 1.361855)
(-91.500000 -0.069269 1.361673)
(-91.000000 -0.081138 1.361490)
(-90.500000 -0.093006 1.361308)
(-90.000000 -0.104875 1.361125)
(-89.500000 -0.116612 1.359479)
(-89.000000 -0.128350 1.357833)
(-88.500000 -0.140087 1.356186)
(-88.000000 -0.151825 1.354540)
(-87.500000 -0.163562 1.352894)
(-87.000000 -0.175300 1.351248)
(-86.500000 -0.187037 1.349601)
(-86.000000 -0.198775 1.347955)
(-85.500000 -0.210512 1.346309)
(-85.000000 -0.222250 1.344663)
(-84.500000 -0.233687 1.341583)
(-84.000000 -0.245125 1.338503)
(-83.500000 -0.256562 1.335422)
(-83.000000 -0.268000 1.332343)
(-82.500000 -0.279438 1.329263)
(-82.000000 -0.290875 1.326183)
(-81.500000 -0.302312 1.323103)
(-81.000000 -0.313750 1.320022)
(-80.500000 -0.325187 1.316943)
(-80.000000 -0.336625 1.313862)
(-79.500000 -0.347531 1.309375)
(-79.000000 -0.358438 1.304888)
(-78.500000 -0.369344 1.300400)
(-78.000000 -0.380250 1.295913)
(-77.500000 -0.391156 1.291425)
(-77.000000 -0.402062 1.286938)
(-76.500000 -0.412969 1.282450)
(-76.000000 -0.423875 1.277963)
(-75.500000 -0.434781 1.273475)
(-75.000000 -0.445688 1.268988)
(-74.500000 -0.455925 1.263159)
(-74.000000 -0.466162 1.257331)
(-73.500000 -0.476400 1.251503)
(-73.000000 -0.486638 1.245675)
(-72.500000 -0.496875 1.239847)
(-72.000000 -0.507112 1.234019)
(-71.500000 -0.517350 1.228191)
(-71.000000 -0.527587 1.222363)
(-70.500000 -0.537825 1.216534)
(-70.000000 -0.548063 1.210706)
(-69.500000 -0.557338 1.203614)
(-69.000000 -0.566613 1.196523)
(-68.500000 -0.575888 1.189431)
(-68.000000 -0.585163 1.182339)
(-67.500000 -0.594437 1.175247)
(-67.000000 -0.603712 1.168155)
(-66.500000 -0.612988 1.161063)
(-66.000000 -0.622263 1.153971)
(-65.500000 -0.631538 1.146879)
(-65.000000 -0.640813 1.139788)
(-64.500000 -0.648950 1.131521)
(-64.000000 -0.657088 1.123255)
(-63.500000 -0.665225 1.114989)
(-63.000000 -0.673362 1.106723)
(-62.500000 -0.681500 1.098456)
(-62.000000 -0.689638 1.090190)
(-61.500000 -0.697775 1.081924)
(-61.000000 -0.705912 1.073658)
(-60.500000 -0.714050 1.065391)
(-60.000000 -0.722187 1.057125)
(-59.500000 -0.728894 1.047811)
(-59.000000 -0.735600 1.038498)
(-58.500000 -0.742306 1.029184)
(-58.000000 -0.749013 1.019870)
(-57.500000 -0.755719 1.010556)
(-57.000000 -0.762425 1.001243)
(-56.500000 -0.769131 0.991929)
(-56.000000 -0.775837 0.982615)
(-55.500000 -0.782544 0.973301)
(-55.000000 -0.789250 0.963987)
(-54.500000 -0.794388 0.953776)
(-54.000000 -0.799525 0.943565)
(-53.500000 -0.804663 0.933354)
(-53.000000 -0.809800 0.923142)
(-52.500000 -0.814937 0.912931)
(-52.000000 -0.820075 0.902720)
(-51.500000 -0.825212 0.892509)
(-51.000000 -0.830350 0.882298)
(-50.500000 -0.835487 0.872086)
(-50.000000 -0.840625 0.861875)
(-49.500000 -0.844031 0.850966)
(-49.000000 -0.847438 0.840058)
(-48.500000 -0.850844 0.829149)
(-48.000000 -0.854250 0.818240)
(-47.500000 -0.857656 0.807331)
(-47.000000 -0.861062 0.796423)
(-46.500000 -0.864469 0.785514)
(-46.000000 -0.867875 0.774605)
(-45.500000 -0.871281 0.763696)
(-45.000000 -0.874688 0.752787)
(-44.500000 -0.876025 0.741384)
(-44.000000 -0.877363 0.729981)
(-43.500000 -0.878700 0.718578)
(-43.000000 -0.880038 0.707175)
(-42.500000 -0.881375 0.695772)
(-42.000000 -0.882713 0.684369)
(-41.500000 -0.884050 0.672966)
(-41.000000 -0.885387 0.661563)
(-40.500000 -0.886725 0.650159)
(-40.000000 -0.888062 0.638756)
(-39.500000 -0.887100 0.627146)
(-39.000000 -0.886138 0.615535)
(-38.500000 -0.885175 0.603924)
(-38.000000 -0.884212 0.592314)
(-37.500000 -0.883250 0.580703)
(-37.000000 -0.882288 0.569093)
(-36.500000 -0.881325 0.557482)
(-36.000000 -0.880363 0.545871)
(-35.500000 -0.879400 0.534261)
(-35.000000 -0.878437 0.522650)
(-34.500000 -0.874975 0.511142)
(-34.000000 -0.871513 0.499634)
(-33.500000 -0.868050 0.488126)
(-33.000000 -0.864588 0.476618)
(-32.500000 -0.861125 0.465109)
(-32.000000 -0.857662 0.453601)
(-31.500000 -0.854200 0.442093)
(-31.000000 -0.850737 0.430585)
(-30.500000 -0.847275 0.419077)
(-30.000000 -0.843813 0.407569)
(-29.500000 -0.837612 0.396546)
(-29.000000 -0.831413 0.385524)
(-28.500000 -0.825212 0.374501)
(-28.000000 -0.819012 0.363479)
(-27.500000 -0.812812 0.352456)
(-27.000000 -0.806613 0.341434)
(-26.500000 -0.800412 0.330411)
(-26.000000 -0.794212 0.319389)
(-25.500000 -0.788013 0.308366)
(-25.000000 -0.781813 0.297344)
(-24.500000 -0.773813 0.286787)
(-24.000000 -0.765813 0.276231)
(-23.500000 -0.757313 0.265891)
(-23.000000 -0.748812 0.255550)
(-22.500000 -0.739656 0.245444)
(-22.000000 -0.730500 0.235338)
(-21.500000 -0.721000 0.225481)
(-21.000000 -0.711500 0.215625)
(-20.500000 -0.701000 0.206019)
(-20.000000 -0.690500 0.196412)
(-19.500000 -0.679344 0.187197)
(-19.000000 -0.668188 0.177981)
(-18.500000 -0.656062 0.169319)
(-18.000000 -0.643938 0.160656)
(-17.500000 -0.631000 0.152531)
(-17.000000 -0.618062 0.144406)
(-16.500000 -0.604844 0.136906)
(-16.000000 -0.591625 0.129406)
(-15.500000 -0.578281 0.122547)
(-15.000000 -0.564937 0.115687)
(-14.500000 -0.551813 0.109422)
(-14.000000 -0.538688 0.103156)
(-13.500000 -0.525250 0.097569)
(-13.000000 -0.511813 0.091981)
(-12.500000 -0.497906 0.086972)
(-12.000000 -0.484000 0.081962)
(-11.500000 -0.469781 0.077600)
(-11.000000 -0.455563 0.073237)
(-10.500000 -0.441375 0.069522)
(-10.000000 -0.427188 0.065806)
(-9.500000 -0.411819 0.063571)
(-9.000000 -0.396450 0.061336)
(-8.500000 -0.381081 0.059100)
(-8.000000 -0.365712 0.056865)
(-7.500000 -0.350812 0.052755)
(-7.000000 -0.335912 0.048645)
(-6.500000 -0.321011 0.044534)
(-6.000000 -0.306111 0.040424)
(-5.500000 -0.291383 0.035921)
(-5.000000 -0.269368 0.032403)
(-4.500000 -0.267538 0.028354)
(-4.000000 -0.258298 0.024740)
(-3.500000 -0.213020 0.021945)
(-3.000000 -0.164063 0.025844)
(-2.500000 -0.107688 0.020894)
(-2.000000 -0.059750 0.017188)
(-1.500000 -0.011813 0.014544)
(-1.000000 0.047000 0.012706)
(-0.500000 0.106000 0.011431)
(0.000000 0.177563 0.009994)
(0.500000 0.248750 0.010162)
(1.000000 0.321563 0.010425)
(1.500000 0.393063 0.010619)
(2.000000 0.463250 0.010750)
(2.500000 0.531875 0.010887)
(3.000000 0.599250 0.010925)
(3.500000 0.664938 0.010900)
(4.000000 0.732000 0.010938)
(4.500000 0.798687 0.011169)
(5.000000 0.864375 0.011331)
(5.500000 0.929437 0.011525)
(6.000000 0.994500 0.011781)
(6.500000 1.057250 0.012269)
(7.000000 1.118375 0.012844)
(7.500000 1.179875 0.013481)
(8.000000 1.239062 0.014437)
(8.500000 1.294250 0.015881)
(9.000000 1.342688 0.017737)
(9.500000 1.394188 0.019925)
(10.000000 1.441563 0.023006)
(10.500000 1.484563 0.026806)
(11.000000 1.524687 0.031462)
(11.500000 1.559000 0.037200)
(12.000000 1.589187 0.043994)
(12.500000 1.618437 0.052337)
(13.000000 1.641563 0.062644)
(13.500000 1.661063 0.073800)
(14.000000 1.665281 0.088119)
(14.500000 1.666750 0.105600)
(15.000000 1.664188 0.124997)
(15.500000 1.658500 0.144769)
(16.000000 1.649000 0.164981)
(16.500000 1.635062 0.187094)
(17.000000 1.623938 0.208587)
(17.500000 1.611000 0.231012)
(18.000000 1.602125 0.256756)
(18.500000 1.605406 0.277375)
(19.000000 1.608687 0.297994)
(19.500000 1.617125 0.318006)
(20.000000 1.632969 0.337016)
(20.500000 1.637812 0.356162)
(21.000000 1.641563 0.374950)
(21.500000 1.644000 0.394256)
(22.000000 1.646437 0.413562)
(22.500000 1.647375 0.433400)
(23.000000 1.648312 0.453237)
(23.500000 1.648438 0.473472)
(24.000000 1.648562 0.493706)
(24.500000 1.648219 0.514269)
(25.000000 1.647875 0.534831)
(25.500000 1.646875 0.555609)
(26.000000 1.645875 0.576387)
(26.500000 1.644828 0.597325)
(27.000000 1.643781 0.618262)
(27.500000 1.642734 0.639200)
(28.000000 1.641687 0.660137)
(28.500000 1.641609 0.680983)
(29.000000 1.641531 0.701828)
(29.500000 1.641453 0.722673)
(30.000000 1.641375 0.743519)
(30.500000 1.643437 0.763947)
(31.000000 1.645500 0.784375)
(31.500000 1.647562 0.804803)
(32.000000 1.649625 0.825231)
(32.500000 1.652073 0.845160)
(33.000000 1.654521 0.865090)
(33.500000 1.656969 0.885019)
(34.000000 1.659417 0.904948)
(34.500000 1.661865 0.924877)
(35.000000 1.664312 0.944806)
(35.500000 1.662469 0.963917)
(36.000000 1.660625 0.983027)
(36.500000 1.658781 1.002138)
(37.000000 1.656937 1.021249)
(37.500000 1.655094 1.040359)
(38.000000 1.653250 1.059470)
(38.500000 1.651406 1.078581)
(39.000000 1.649562 1.097691)
(39.500000 1.647719 1.116802)
(40.000000 1.645875 1.135912)
(40.500000 1.639294 1.153252)
(41.000000 1.632713 1.170591)
(41.500000 1.626131 1.187931)
(42.000000 1.619550 1.205270)
(42.500000 1.612969 1.222609)
(43.000000 1.606388 1.239949)
(43.500000 1.599806 1.257288)
(44.000000 1.593225 1.274627)
(44.500000 1.586644 1.291967)
(45.000000 1.580062 1.309306)
(45.500000 1.569469 1.324139)
(46.000000 1.558875 1.338973)
(46.500000 1.548281 1.353806)
(47.000000 1.537688 1.368639)
(47.500000 1.527094 1.383472)
(48.000000 1.516500 1.398305)
(48.500000 1.505906 1.413138)
(49.000000 1.495312 1.427971)
(49.500000 1.484719 1.442804)
(50.000000 1.474125 1.457637)
(50.500000 1.460144 1.469332)
(51.000000 1.446162 1.481027)
(51.500000 1.432181 1.492722)
(52.000000 1.418200 1.504417)
(52.500000 1.404219 1.516112)
(53.000000 1.390237 1.527807)
(53.500000 1.376256 1.539502)
(54.000000 1.362275 1.551198)
(54.500000 1.348294 1.562892)
(55.000000 1.334313 1.574587)
(55.500000 1.317644 1.582634)
(56.000000 1.300975 1.590680)
(56.500000 1.284306 1.598726)
(57.000000 1.267637 1.606772)
(57.500000 1.250969 1.614819)
(58.000000 1.234300 1.622865)
(58.500000 1.217631 1.630911)
(59.000000 1.200962 1.638957)
(59.500000 1.184294 1.647004)
(60.000000 1.167625 1.655050)
(60.500000 1.149225 1.659103)
(61.000000 1.130825 1.663155)
(61.500000 1.112425 1.667207)
(62.000000 1.094025 1.671260)
(62.500000 1.075625 1.675312)
(63.000000 1.057225 1.679365)
(63.500000 1.038825 1.683418)
(64.000000 1.020425 1.687470)
(64.500000 1.002025 1.691523)
(65.000000 0.983625 1.695575)
(65.500000 0.964325 1.695428)
(66.000000 0.945025 1.695281)
(66.500000 0.925725 1.695134)
(67.000000 0.906425 1.694987)
(67.500000 0.887125 1.694841)
(68.000000 0.867825 1.694694)
(68.500000 0.848525 1.694547)
(69.000000 0.829225 1.694400)
(69.500000 0.809925 1.694253)
(70.000000 0.790625 1.694106)
(70.500000 0.771312 1.689806)
(71.000000 0.752000 1.685505)
(71.500000 0.732687 1.681204)
(72.000000 0.713375 1.676904)
(72.500000 0.694062 1.672603)
(73.000000 0.674750 1.668303)
(73.500000 0.655438 1.664002)
(74.000000 0.636125 1.659701)
(74.500000 0.616812 1.655401)
(75.000000 0.597500 1.651100)
(75.500000 0.579006 1.643067)
(76.000000 0.560512 1.635034)
(76.500000 0.542019 1.627001)
(77.000000 0.523525 1.618968)
(77.500000 0.505031 1.610934)
(78.000000 0.486537 1.602901)
(78.500000 0.468044 1.594868)
(79.000000 0.449550 1.586835)
(79.500000 0.431056 1.578802)
(80.000000 0.412563 1.570769)
(80.500000 0.395944 1.560450)
(81.000000 0.379325 1.550131)
(81.500000 0.362706 1.539813)
(82.000000 0.346087 1.529494)
(82.500000 0.329469 1.519175)
(83.000000 0.312850 1.508856)
(83.500000 0.296231 1.498537)
(84.000000 0.279612 1.488219)
(84.500000 0.262994 1.477900)
(85.000000 0.246375 1.467581)
(85.500000 0.232556 1.460727)
(86.000000 0.218737 1.453872)
(86.500000 0.204919 1.447018)
(87.000000 0.191100 1.440164)
(87.500000 0.177281 1.433309)
(88.000000 0.163462 1.426455)
(88.500000 0.149644 1.419601)
(89.000000 0.135825 1.412746)
(89.500000 0.122006 1.405892)
(90.000000 0.108187 1.399037)
(90.500000 0.095919 1.399223)
(91.000000 0.083650 1.399409)
(91.500000 0.071381 1.399594)
(92.000000 0.059112 1.399780)
(92.500000 0.046844 1.399966)
(93.000000 0.034575 1.400151)
(93.500000 0.022306 1.400337)
(94.000000 0.010037 1.400522)
(94.500000 -0.002231 1.400708)
(95.000000 -0.014500 1.400894)
(95.500000 -0.026569 1.399573)
(96.000000 -0.038638 1.398251)
(96.500000 -0.050706 1.396930)
(97.000000 -0.062775 1.395609)
(97.500000 -0.074844 1.394287)
(98.000000 -0.086913 1.392966)
(98.500000 -0.098981 1.391645)
(99.000000 -0.111050 1.390324)
(99.500000 -0.123119 1.389002)
(100.000000 -0.135187 1.387681)
(100.500000 -0.146956 1.384860)
(101.000000 -0.158725 1.382039)
(101.500000 -0.170494 1.379217)
(102.000000 -0.182262 1.376396)
(102.500000 -0.194031 1.373575)
(103.000000 -0.205800 1.370754)
(103.500000 -0.217569 1.367932)
(104.000000 -0.229337 1.365111)
(104.500000 -0.241106 1.362290)
(105.000000 -0.252875 1.359469)
(105.500000 -0.264175 1.355171)
(106.000000 -0.275475 1.350873)
(106.500000 -0.286775 1.346574)
(107.000000 -0.298075 1.342276)
(107.500000 -0.309375 1.337978)
(108.000000 -0.320675 1.333680)
(108.500000 -0.331975 1.329382)
(109.000000 -0.343275 1.325084)
(109.500000 -0.354575 1.320786)
(110.000000 -0.365875 1.316488)
(110.500000 -0.376444 1.310759)
(111.000000 -0.387012 1.305031)
(111.500000 -0.397581 1.299303)
(112.000000 -0.408150 1.293575)
(112.500000 -0.418719 1.287847)
(113.000000 -0.429287 1.282119)
(113.500000 -0.439856 1.276391)
(114.000000 -0.450425 1.270663)
(114.500000 -0.460994 1.264934)
(115.000000 -0.471562 1.259206)
(115.500000 -0.481094 1.252111)
(116.000000 -0.490625 1.245016)
(116.500000 -0.500156 1.237921)
(117.000000 -0.509688 1.230826)
(117.500000 -0.519219 1.223731)
(118.000000 -0.528750 1.216636)
(118.500000 -0.538281 1.209541)
(119.000000 -0.547813 1.202446)
(119.500000 -0.557344 1.195351)
(120.000000 -0.566875 1.188256)
(120.500000 -0.575275 1.179875)
(121.000000 -0.583675 1.171494)
(121.500000 -0.592075 1.163112)
(122.000000 -0.600475 1.154731)
(122.500000 -0.608875 1.146350)
(123.000000 -0.617275 1.137969)
(123.500000 -0.625675 1.129587)
(124.000000 -0.634075 1.121206)
(124.500000 -0.642475 1.112825)
(125.000000 -0.650875 1.104444)
(125.500000 -0.657706 1.094909)
(126.000000 -0.664538 1.085375)
(126.500000 -0.671369 1.075841)
(127.000000 -0.678200 1.066306)
(127.500000 -0.685031 1.056772)
(128.000000 -0.691862 1.047238)
(128.500000 -0.698694 1.037703)
(129.000000 -0.705525 1.028169)
(129.500000 -0.712356 1.018634)
(130.000000 -0.719187 1.009100)
(130.500000 -0.724319 0.998549)
(131.000000 -0.729450 0.987999)
(131.500000 -0.734581 0.977448)
(132.000000 -0.739713 0.966897)
(132.500000 -0.744844 0.956347)
(133.000000 -0.749975 0.945796)
(133.500000 -0.755106 0.935246)
(134.000000 -0.760238 0.924695)
(134.500000 -0.765369 0.914144)
(135.000000 -0.770500 0.903594)
(135.500000 -0.773663 0.892227)
(136.000000 -0.776825 0.880860)
(136.500000 -0.779987 0.869493)
(137.000000 -0.783150 0.858126)
(137.500000 -0.786313 0.846759)
(138.000000 -0.789475 0.835392)
(138.500000 -0.792638 0.824026)
(139.000000 -0.795800 0.812659)
(139.500000 -0.798963 0.801292)
(140.000000 -0.802125 0.789925)
(140.500000 -0.803056 0.777979)
(141.000000 -0.803988 0.766033)
(141.500000 -0.804919 0.754086)
(142.000000 -0.805850 0.742140)
(142.500000 -0.806781 0.730194)
(143.000000 -0.807713 0.718248)
(143.500000 -0.808644 0.706301)
(144.000000 -0.809575 0.694355)
(144.500000 -0.810506 0.682409)
(145.000000 -0.811437 0.670462)
(145.500000 -0.809731 0.658221)
(146.000000 -0.808025 0.645979)
(146.500000 -0.806319 0.633737)
(147.000000 -0.804612 0.621495)
(147.500000 -0.802906 0.609253)
(148.000000 -0.801200 0.597011)
(148.500000 -0.799494 0.584769)
(149.000000 -0.797788 0.572527)
(149.500000 -0.796081 0.560286)
(150.000000 -0.794375 0.548044)
(150.500000 -0.789869 0.535856)
(151.000000 -0.785363 0.523667)
(151.500000 -0.780856 0.511479)
(152.000000 -0.776350 0.499291)
(152.500000 -0.771844 0.487103)
(153.000000 -0.767338 0.474915)
(153.500000 -0.762831 0.462727)
(154.000000 -0.758325 0.450539)
(154.500000 -0.753819 0.438351)
(155.000000 -0.749313 0.426162)
(155.500000 -0.741675 0.414459)
(156.000000 -0.734038 0.402756)
(156.500000 -0.726400 0.391053)
(157.000000 -0.718762 0.379350)
(157.500000 -0.711125 0.367647)
(158.000000 -0.703488 0.355944)
(158.500000 -0.695850 0.344241)
(159.000000 -0.688213 0.332537)
(159.500000 -0.680575 0.320834)
(160.000000 -0.672938 0.309131)
(160.500000 -0.660031 0.299192)
(161.000000 -0.647125 0.289253)
(161.500000 -0.634219 0.279313)
(162.000000 -0.621313 0.269374)
(162.500000 -0.608406 0.259434)
(163.000000 -0.595500 0.249495)
(163.500000 -0.582594 0.239556)
(164.000000 -0.569688 0.229616)
(164.500000 -0.556781 0.219677)
(165.000000 -0.543875 0.209737)
(165.500000 -0.530969 0.199798)
(166.000000 -0.518063 0.189859)
(166.500000 -0.505156 0.179919)
(167.000000 -0.492250 0.169980)
(167.500000 -0.479344 0.160041)
(168.000000 -0.466438 0.150101)
(168.500000 -0.453531 0.140162)
(169.000000 -0.440625 0.130222)
(169.500000 -0.427719 0.120283)
(170.000000 -0.414812 0.110344)
(170.500000 -0.396138 0.105009)
(171.000000 -0.377463 0.099675)
(171.500000 -0.358787 0.094341)
(172.000000 -0.340112 0.089006)
(172.500000 -0.321438 0.083672)
(173.000000 -0.302762 0.078337)
(173.500000 -0.284087 0.073003)
(174.000000 -0.265412 0.067669)
(174.500000 -0.246737 0.062334)
(175.000000 -0.228063 0.057000)
(175.500000 -0.205256 0.055979)
(176.000000 -0.182450 0.054959)
(176.500000 -0.159644 0.053938)
(177.000000 -0.136838 0.052917)
(177.500000 -0.114031 0.051897)
(178.000000 -0.091225 0.050876)
(178.500000 -0.068419 0.049856)
(179.000000 -0.045612 0.048835)
(179.500000 -0.022806 0.047814)
(180.000000 0.000000 0.046794)
