// Polars table of section_25 for NREL 5MW 
// AOA    Cl    Cd 
(-180.000000 0.000000 0.018500)
(-179.500000 0.039400 0.019970)
(-179.000000 0.078800 0.021440)
(-178.500000 0.118200 0.022910)
(-178.000000 0.157600 0.024380)
(-177.500000 0.197000 0.025850)
(-177.000000 0.236400 0.027320)
(-176.500000 0.275800 0.028790)
(-176.000000 0.315200 0.030260)
(-175.500000 0.354600 0.031730)
(-175.000000 0.394000 0.033200)
(-174.500000 0.433400 0.039330)
(-174.000000 0.472800 0.045460)
(-173.500000 0.512200 0.051590)
(-173.000000 0.551600 0.057720)
(-172.500000 0.591000 0.063850)
(-172.000000 0.630400 0.069980)
(-171.500000 0.669800 0.076110)
(-171.000000 0.709200 0.082240)
(-170.500000 0.748600 0.088370)
(-170.000000 0.788000 0.094500)
(-169.500000 0.782100 0.103820)
(-169.000000 0.776200 0.113140)
(-168.500000 0.770300 0.122460)
(-168.000000 0.764400 0.131780)
(-167.500000 0.758500 0.141100)
(-167.000000 0.752600 0.150420)
(-166.500000 0.746700 0.159740)
(-166.000000 0.740800 0.169060)
(-165.500000 0.734900 0.178380)
(-165.000000 0.729000 0.187700)
(-164.500000 0.723100 0.197020)
(-164.000000 0.717200 0.206340)
(-163.500000 0.711300 0.215660)
(-163.000000 0.705400 0.224980)
(-162.500000 0.699500 0.234300)
(-162.000000 0.693600 0.243620)
(-161.500000 0.687700 0.252940)
(-161.000000 0.681800 0.262260)
(-160.500000 0.675900 0.271580)
(-160.000000 0.670000 0.280900)
(-159.500000 0.677900 0.292130)
(-159.000000 0.685800 0.303360)
(-158.500000 0.693700 0.314590)
(-158.000000 0.701600 0.325820)
(-157.500000 0.709500 0.337050)
(-157.000000 0.717400 0.348280)
(-156.500000 0.725300 0.359510)
(-156.000000 0.733200 0.370740)
(-155.500000 0.741100 0.381970)
(-155.000000 0.749000 0.393200)
(-154.500000 0.753800 0.405000)
(-154.000000 0.758600 0.416800)
(-153.500000 0.763400 0.428600)
(-153.000000 0.768200 0.440400)
(-152.500000 0.773000 0.452200)
(-152.000000 0.777800 0.464000)
(-151.500000 0.782600 0.475800)
(-151.000000 0.787400 0.487600)
(-150.500000 0.792200 0.499400)
(-150.000000 0.797000 0.511200)
(-149.500000 0.799100 0.523170)
(-149.000000 0.801200 0.535140)
(-148.500000 0.803300 0.547110)
(-148.000000 0.805400 0.559080)
(-147.500000 0.807500 0.571050)
(-147.000000 0.809600 0.583020)
(-146.500000 0.811700 0.594990)
(-146.000000 0.813800 0.606960)
(-145.500000 0.815900 0.618930)
(-145.000000 0.818000 0.630900)
(-144.500000 0.817500 0.642660)
(-144.000000 0.817000 0.654420)
(-143.500000 0.816500 0.666180)
(-143.000000 0.816000 0.677940)
(-142.500000 0.815500 0.689700)
(-142.000000 0.815000 0.701460)
(-141.500000 0.814500 0.713220)
(-141.000000 0.814000 0.724980)
(-140.500000 0.813500 0.736740)
(-140.000000 0.813000 0.748500)
(-139.500000 0.810300 0.759770)
(-139.000000 0.807600 0.771040)
(-138.500000 0.804900 0.782310)
(-138.000000 0.802200 0.793580)
(-137.500000 0.799500 0.804850)
(-137.000000 0.796800 0.816120)
(-136.500000 0.794100 0.827390)
(-136.000000 0.791400 0.838660)
(-135.500000 0.788700 0.849930)
(-135.000000 0.786000 0.861200)
(-134.500000 0.781300 0.871730)
(-134.000000 0.776600 0.882260)
(-133.500000 0.771900 0.892790)
(-133.000000 0.767200 0.903320)
(-132.500000 0.762500 0.913850)
(-132.000000 0.757800 0.924380)
(-131.500000 0.753100 0.934910)
(-131.000000 0.748400 0.945440)
(-130.500000 0.743700 0.955970)
(-130.000000 0.739000 0.966500)
(-129.500000 0.732600 0.976100)
(-129.000000 0.726200 0.985700)
(-128.500000 0.719800 0.995300)
(-128.000000 0.713400 1.004900)
(-127.500000 0.707000 1.014500)
(-127.000000 0.700600 1.024100)
(-126.500000 0.694200 1.033700)
(-126.000000 0.687800 1.043300)
(-125.500000 0.681400 1.052900)
(-125.000000 0.675000 1.062500)
(-124.500000 0.667100 1.071010)
(-124.000000 0.659200 1.079520)
(-123.500000 0.651300 1.088030)
(-123.000000 0.643400 1.096540)
(-122.500000 0.635500 1.105050)
(-122.000000 0.627600 1.113560)
(-121.500000 0.619700 1.122070)
(-121.000000 0.611800 1.130580)
(-120.500000 0.603900 1.139090)
(-120.000000 0.596000 1.147600)
(-119.500000 0.586900 1.154900)
(-119.000000 0.577800 1.162200)
(-118.500000 0.568700 1.169500)
(-118.000000 0.559600 1.176800)
(-117.500000 0.550500 1.184100)
(-117.000000 0.541400 1.191400)
(-116.500000 0.532300 1.198700)
(-116.000000 0.523200 1.206000)
(-115.500000 0.514100 1.213300)
(-115.000000 0.505000 1.220600)
(-114.500000 0.494800 1.226590)
(-114.000000 0.484600 1.232580)
(-113.500000 0.474400 1.238570)
(-113.000000 0.464200 1.244560)
(-112.500000 0.454000 1.250550)
(-112.000000 0.443800 1.256540)
(-111.500000 0.433600 1.262530)
(-111.000000 0.423400 1.268520)
(-110.500000 0.413200 1.274510)
(-110.000000 0.403000 1.280500)
(-109.500000 0.392100 1.285100)
(-109.000000 0.381200 1.289700)
(-108.500000 0.370300 1.294300)
(-108.000000 0.359400 1.298900)
(-107.500000 0.348500 1.303500)
(-107.000000 0.337600 1.308100)
(-106.500000 0.326700 1.312700)
(-106.000000 0.315800 1.317300)
(-105.500000 0.304900 1.321900)
(-105.000000 0.294000 1.326500)
(-104.500000 0.282500 1.329670)
(-104.000000 0.271000 1.332840)
(-103.500000 0.259500 1.336010)
(-103.000000 0.248000 1.339180)
(-102.500000 0.236500 1.342350)
(-102.000000 0.225000 1.345520)
(-101.500000 0.213500 1.348690)
(-101.000000 0.202000 1.351860)
(-100.500000 0.190500 1.355030)
(-100.000000 0.179000 1.358200)
(-99.500000 0.167100 1.359900)
(-99.000000 0.155200 1.361600)
(-98.500000 0.143300 1.363300)
(-98.000000 0.131400 1.365000)
(-97.500000 0.119500 1.366700)
(-97.000000 0.107600 1.368400)
(-96.500000 0.095700 1.370100)
(-96.000000 0.083800 1.371800)
(-95.500000 0.071900 1.373500)
(-95.000000 0.060000 1.375200)
(-94.500000 0.048000 1.375420)
(-94.000000 0.036000 1.375640)
(-93.500000 0.024000 1.375860)
(-93.000000 0.012000 1.376080)
(-92.500000 0.000000 1.376300)
(-92.000000 -0.012000 1.376520)
(-91.500000 -0.024000 1.376740)
(-91.000000 -0.036000 1.376960)
(-90.500000 -0.048000 1.377180)
(-90.000000 -0.060000 1.377400)
(-89.500000 -0.071900 1.376140)
(-89.000000 -0.083800 1.374880)
(-88.500000 -0.095700 1.373620)
(-88.000000 -0.107600 1.372360)
(-87.500000 -0.119500 1.371100)
(-87.000000 -0.131400 1.369840)
(-86.500000 -0.143300 1.368580)
(-86.000000 -0.155200 1.367320)
(-85.500000 -0.167100 1.366060)
(-85.000000 -0.179000 1.364800)
(-84.500000 -0.190600 1.362080)
(-84.000000 -0.202200 1.359360)
(-83.500000 -0.213800 1.356640)
(-83.000000 -0.225400 1.353920)
(-82.500000 -0.237000 1.351200)
(-82.000000 -0.248600 1.348480)
(-81.500000 -0.260200 1.345760)
(-81.000000 -0.271800 1.343040)
(-80.500000 -0.283400 1.340320)
(-80.000000 -0.295000 1.337600)
(-79.500000 -0.306200 1.333460)
(-79.000000 -0.317400 1.329320)
(-78.500000 -0.328600 1.325180)
(-78.000000 -0.339800 1.321040)
(-77.500000 -0.351000 1.316900)
(-77.000000 -0.362200 1.312760)
(-76.500000 -0.373400 1.308620)
(-76.000000 -0.384600 1.304480)
(-75.500000 -0.395800 1.300340)
(-75.000000 -0.407000 1.296200)
(-74.500000 -0.417500 1.290670)
(-74.000000 -0.428000 1.285140)
(-73.500000 -0.438500 1.279610)
(-73.000000 -0.449000 1.274080)
(-72.500000 -0.459500 1.268550)
(-72.000000 -0.470000 1.263020)
(-71.500000 -0.480500 1.257490)
(-71.000000 -0.491000 1.251960)
(-70.500000 -0.501500 1.246430)
(-70.000000 -0.512000 1.240900)
(-69.500000 -0.521600 1.234060)
(-69.000000 -0.531200 1.227220)
(-68.500000 -0.540800 1.220380)
(-68.000000 -0.550400 1.213540)
(-67.500000 -0.560000 1.206700)
(-67.000000 -0.569600 1.199860)
(-66.500000 -0.579200 1.193020)
(-66.000000 -0.588800 1.186180)
(-65.500000 -0.598400 1.179340)
(-65.000000 -0.608000 1.172500)
(-64.500000 -0.616500 1.164440)
(-64.000000 -0.625000 1.156380)
(-63.500000 -0.633500 1.148320)
(-63.000000 -0.642000 1.140260)
(-62.500000 -0.650500 1.132200)
(-62.000000 -0.659000 1.124140)
(-61.500000 -0.667500 1.116080)
(-61.000000 -0.676000 1.108020)
(-60.500000 -0.684500 1.099960)
(-60.000000 -0.693000 1.091900)
(-59.500000 -0.700100 1.082730)
(-59.000000 -0.707200 1.073560)
(-58.500000 -0.714300 1.064390)
(-58.000000 -0.721400 1.055220)
(-57.500000 -0.728500 1.046050)
(-57.000000 -0.735600 1.036880)
(-56.500000 -0.742700 1.027710)
(-56.000000 -0.749800 1.018540)
(-55.500000 -0.756900 1.009370)
(-55.000000 -0.764000 1.000200)
(-54.500000 -0.769600 0.990080)
(-54.000000 -0.775200 0.979960)
(-53.500000 -0.780800 0.969840)
(-53.000000 -0.786400 0.959720)
(-52.500000 -0.792000 0.949600)
(-52.000000 -0.797600 0.939480)
(-51.500000 -0.803200 0.929360)
(-51.000000 -0.808800 0.919240)
(-50.500000 -0.814400 0.909120)
(-50.000000 -0.820000 0.899000)
(-49.500000 -0.823700 0.888100)
(-49.000000 -0.827400 0.877200)
(-48.500000 -0.831100 0.866300)
(-48.000000 -0.834800 0.855400)
(-47.500000 -0.838500 0.844500)
(-47.000000 -0.842200 0.833600)
(-46.500000 -0.845900 0.822700)
(-46.000000 -0.849600 0.811800)
(-45.500000 -0.853300 0.800900)
(-45.000000 -0.857000 0.790000)
(-44.500000 -0.858800 0.778540)
(-44.000000 -0.860600 0.767080)
(-43.500000 -0.862400 0.755620)
(-43.000000 -0.864200 0.744160)
(-42.500000 -0.866000 0.732700)
(-42.000000 -0.867800 0.721240)
(-41.500000 -0.869600 0.709780)
(-41.000000 -0.871400 0.698320)
(-40.500000 -0.873200 0.686860)
(-40.000000 -0.875000 0.675400)
(-39.500000 -0.874400 0.663650)
(-39.000000 -0.873800 0.651900)
(-38.500000 -0.873200 0.640150)
(-38.000000 -0.872600 0.628400)
(-37.500000 -0.872000 0.616650)
(-37.000000 -0.871400 0.604900)
(-36.500000 -0.870800 0.593150)
(-36.000000 -0.870200 0.581400)
(-35.500000 -0.869600 0.569650)
(-35.000000 -0.869000 0.557900)
(-34.500000 -0.865900 0.546160)
(-34.000000 -0.862800 0.534420)
(-33.500000 -0.859700 0.522680)
(-33.000000 -0.856600 0.510940)
(-32.500000 -0.853500 0.499200)
(-32.000000 -0.850400 0.487460)
(-31.500000 -0.847300 0.475720)
(-31.000000 -0.844200 0.463980)
(-30.500000 -0.841100 0.452240)
(-30.000000 -0.838000 0.440500)
(-29.500000 -0.833300 0.429010)
(-29.000000 -0.828600 0.417520)
(-28.500000 -0.823900 0.406030)
(-28.000000 -0.819200 0.394540)
(-27.500000 -0.814500 0.383050)
(-27.000000 -0.809800 0.371560)
(-26.500000 -0.805100 0.360070)
(-26.000000 -0.800400 0.348580)
(-25.500000 -0.795700 0.337090)
(-25.000000 -0.791000 0.325600)
(-24.500000 -0.792500 0.313450)
(-24.000000 -0.794000 0.301300)
(-23.500000 -0.799500 0.288750)
(-23.000000 -0.805000 0.276200)
(-22.500000 -0.813000 0.263400)
(-22.000000 -0.821000 0.250600)
(-21.500000 -0.832000 0.237600)
(-21.000000 -0.843000 0.224600)
(-20.500000 -0.856000 0.211450)
(-20.000000 -0.869000 0.198300)
(-19.500000 -0.884000 0.185150)
(-19.000000 -0.899000 0.172000)
(-18.500000 -0.915000 0.158850)
(-18.000000 -0.931000 0.145700)
(-17.500000 -0.947500 0.132700)
(-17.000000 -0.964000 0.119700)
(-16.500000 -0.981500 0.106850)
(-16.000000 -0.999000 0.094000)
(-15.500000 -1.016000 0.081450)
(-15.000000 -1.033000 0.068900)
(-14.500000 -1.050000 0.056700)
(-14.000000 -1.030522 0.050756)
(-13.500000 -1.011044 0.044812)
(-13.000000 -0.991566 0.038869)
(-12.500000 -0.972088 0.032925)
(-12.000000 -0.952475 0.027132)
(-11.500000 -0.926238 0.028716)
(-11.000000 -0.900000 0.030300)
(-10.500000 -0.864216 0.029516)
(-10.000000 -0.828431 0.028731)
(-9.500000 -0.751903 0.024494)
(-9.000000 -0.673677 0.020112)
(-8.500000 -0.595452 0.015730)
(-8.000000 -0.519440 0.012040)
(-7.500000 -0.449588 0.010500)
(-7.000000 -0.377902 0.009006)
(-6.500000 -0.311000 0.008900)
(-6.000000 -0.245000 0.008200)
(-5.500000 -0.178000 0.007400)
(-5.000000 -0.113000 0.006900)
(-4.500000 -0.048000 0.006500)
(-4.000000 0.016000 0.006300)
(-3.500000 0.080000 0.006100)
(-3.000000 0.145000 0.005800)
(-2.500000 0.208000 0.005700)
(-2.000000 0.270000 0.005700)
(-1.500000 0.333000 0.005700)
(-1.000000 0.396000 0.005700)
(-0.500000 0.458000 0.005700)
(0.000000 0.521000 0.005700)
(0.500000 0.583000 0.005700)
(1.000000 0.645000 0.005800)
(1.500000 0.706000 0.005800)
(2.000000 0.768000 0.005900)
(2.500000 0.828000 0.006100)
(3.000000 0.888000 0.006300)
(3.500000 0.948000 0.006600)
(4.000000 0.996000 0.007100)
(4.500000 1.046000 0.007900)
(5.000000 1.095000 0.009000)
(5.500000 1.145000 0.010300)
(6.000000 1.192000 0.011300)
(6.500000 1.239000 0.012200)
(7.000000 1.283000 0.013100)
(7.500000 1.324000 0.013900)
(8.000000 1.358000 0.014700)
(8.500000 1.385000 0.015800)
(9.000000 1.403000 0.018100)
(9.500000 1.401000 0.021100)
(10.000000 1.358000 0.025500)
(10.500000 1.313000 0.030100)
(11.000000 1.287000 0.034700)
(11.500000 1.274000 0.040100)
(12.000000 1.272000 0.046800)
(12.500000 1.273000 0.054500)
(13.000000 1.273000 0.063300)
(13.500000 1.273000 0.072200)
(14.000000 1.272000 0.080600)
(14.500000 1.273000 0.090000)
(15.000000 1.275000 0.098700)
(15.500000 1.281000 0.107500)
(16.000000 1.284000 0.117000)
(16.500000 1.296000 0.127000)
(17.000000 1.306000 0.136800)
(17.500000 1.308000 0.146400)
(18.000000 1.308000 0.156200)
(18.500000 1.308000 0.166400)
(19.000000 1.308000 0.177000)
(19.500000 1.307000 0.187800)
(20.000000 1.311000 0.198700)
(20.500000 1.325000 0.210000)
(21.000000 1.324000 0.221400)
(21.500000 1.300500 0.235650)
(22.000000 1.277000 0.249900)
(22.500000 1.253000 0.264250)
(23.000000 1.229000 0.278600)
(23.500000 1.205500 0.293150)
(24.000000 1.182000 0.307700)
(24.500000 1.159000 0.322400)
(25.000000 1.136000 0.337100)
(25.500000 1.114500 0.351750)
(26.000000 1.093000 0.366400)
(26.500000 1.074000 0.380950)
(27.000000 1.055000 0.395500)
(27.500000 1.036000 0.410050)
(28.000000 1.017000 0.424600)
(28.500000 1.003250 0.438775)
(29.000000 0.989500 0.452950)
(29.500000 0.975750 0.467125)
(30.000000 0.962000 0.481300)
(30.500000 0.955750 0.494875)
(31.000000 0.949500 0.508450)
(31.500000 0.943250 0.522025)
(32.000000 0.937000 0.535600)
(32.500000 0.938667 0.548450)
(33.000000 0.940333 0.561300)
(33.500000 0.942000 0.574150)
(34.000000 0.943667 0.587000)
(34.500000 0.945333 0.599850)
(35.000000 0.947000 0.612700)
(35.500000 0.947300 0.625390)
(36.000000 0.947600 0.638080)
(36.500000 0.947900 0.650770)
(37.000000 0.948200 0.663460)
(37.500000 0.948500 0.676150)
(38.000000 0.948800 0.688840)
(38.500000 0.949100 0.701530)
(39.000000 0.949400 0.714220)
(39.500000 0.949700 0.726910)
(40.000000 0.950000 0.739600)
(40.500000 0.947800 0.751870)
(41.000000 0.945600 0.764140)
(41.500000 0.943400 0.776410)
(42.000000 0.941200 0.788680)
(42.500000 0.939000 0.800950)
(43.000000 0.936800 0.813220)
(43.500000 0.934600 0.825490)
(44.000000 0.932400 0.837760)
(44.500000 0.930200 0.850030)
(45.000000 0.928000 0.862300)
(45.500000 0.923600 0.873880)
(46.000000 0.919200 0.885460)
(46.500000 0.914800 0.897040)
(47.000000 0.910400 0.908620)
(47.500000 0.906000 0.920200)
(48.000000 0.901600 0.931780)
(48.500000 0.897200 0.943360)
(49.000000 0.892800 0.954940)
(49.500000 0.888400 0.966520)
(50.000000 0.884000 0.978100)
(50.500000 0.877700 0.988750)
(51.000000 0.871400 0.999400)
(51.500000 0.865100 1.010050)
(52.000000 0.858800 1.020700)
(52.500000 0.852500 1.031350)
(53.000000 0.846200 1.042000)
(53.500000 0.839900 1.052650)
(54.000000 0.833600 1.063300)
(54.500000 0.827300 1.073950)
(55.000000 0.821000 1.084600)
(55.500000 0.812900 1.094100)
(56.000000 0.804800 1.103600)
(56.500000 0.796700 1.113100)
(57.000000 0.788600 1.122600)
(57.500000 0.780500 1.132100)
(58.000000 0.772400 1.141600)
(58.500000 0.764300 1.151100)
(59.000000 0.756200 1.160600)
(59.500000 0.748100 1.170100)
(60.000000 0.740000 1.179600)
(60.500000 0.730600 1.187810)
(61.000000 0.721200 1.196020)
(61.500000 0.711800 1.204230)
(62.000000 0.702400 1.212440)
(62.500000 0.693000 1.220650)
(63.000000 0.683600 1.228860)
(63.500000 0.674200 1.237070)
(64.000000 0.664800 1.245280)
(64.500000 0.655400 1.253490)
(65.000000 0.646000 1.261700)
(65.500000 0.635400 1.268500)
(66.000000 0.624800 1.275300)
(66.500000 0.614200 1.282100)
(67.000000 0.603600 1.288900)
(67.500000 0.593000 1.295700)
(68.000000 0.582400 1.302500)
(68.500000 0.571800 1.309300)
(69.000000 0.561200 1.316100)
(69.500000 0.550600 1.322900)
(70.000000 0.540000 1.329700)
(70.500000 0.528500 1.335000)
(71.000000 0.517000 1.340300)
(71.500000 0.505500 1.345600)
(72.000000 0.494000 1.350900)
(72.500000 0.482500 1.356200)
(73.000000 0.471000 1.361500)
(73.500000 0.459500 1.366800)
(74.000000 0.448000 1.372100)
(74.500000 0.436500 1.377400)
(75.000000 0.425000 1.382700)
(75.500000 0.412900 1.386450)
(76.000000 0.400800 1.390200)
(76.500000 0.388700 1.393950)
(77.000000 0.376600 1.397700)
(77.500000 0.364500 1.401450)
(78.000000 0.352400 1.405200)
(78.500000 0.340300 1.408950)
(79.000000 0.328200 1.412700)
(79.500000 0.316100 1.416450)
(80.000000 0.304000 1.420200)
(80.500000 0.291500 1.422410)
(81.000000 0.279000 1.424620)
(81.500000 0.266500 1.426830)
(82.000000 0.254000 1.429040)
(82.500000 0.241500 1.431250)
(83.000000 0.229000 1.433460)
(83.500000 0.216500 1.435670)
(84.000000 0.204000 1.437880)
(84.500000 0.191500 1.440090)
(85.000000 0.179000 1.442300)
(85.500000 0.166400 1.443190)
(86.000000 0.153800 1.444080)
(86.500000 0.141200 1.444970)
(87.000000 0.128600 1.445860)
(87.500000 0.116000 1.446750)
(88.000000 0.103400 1.447640)
(88.500000 0.090800 1.448530)
(89.000000 0.078200 1.449420)
(89.500000 0.065600 1.450310)
(90.000000 0.053000 1.451200)
(90.500000 0.040400 1.450880)
(91.000000 0.027800 1.450560)
(91.500000 0.015200 1.450240)
(92.000000 0.002600 1.449920)
(92.500000 -0.010000 1.449600)
(93.000000 -0.022600 1.449280)
(93.500000 -0.035200 1.448960)
(94.000000 -0.047800 1.448640)
(94.500000 -0.060400 1.448320)
(95.000000 -0.073000 1.448000)
(95.500000 -0.085500 1.446140)
(96.000000 -0.098000 1.444280)
(96.500000 -0.110500 1.442420)
(97.000000 -0.123000 1.440560)
(97.500000 -0.135500 1.438700)
(98.000000 -0.148000 1.436840)
(98.500000 -0.160500 1.434980)
(99.000000 -0.173000 1.433120)
(99.500000 -0.185500 1.431260)
(100.000000 -0.198000 1.429400)
(100.500000 -0.210100 1.426000)
(101.000000 -0.222200 1.422600)
(101.500000 -0.234300 1.419200)
(102.000000 -0.246400 1.415800)
(102.500000 -0.258500 1.412400)
(103.000000 -0.270600 1.409000)
(103.500000 -0.282700 1.405600)
(104.000000 -0.294800 1.402200)
(104.500000 -0.306900 1.398800)
(105.000000 -0.319000 1.395400)
(105.500000 -0.330500 1.390500)
(106.000000 -0.342000 1.385600)
(106.500000 -0.353500 1.380700)
(107.000000 -0.365000 1.375800)
(107.500000 -0.376500 1.370900)
(108.000000 -0.388000 1.366000)
(108.500000 -0.399500 1.361100)
(109.000000 -0.411000 1.356200)
(109.500000 -0.422500 1.351300)
(110.000000 -0.434000 1.346400)
(110.500000 -0.444700 1.340050)
(111.000000 -0.455400 1.333700)
(111.500000 -0.466100 1.327350)
(112.000000 -0.476800 1.321000)
(112.500000 -0.487500 1.314650)
(113.000000 -0.498200 1.308300)
(113.500000 -0.508900 1.301950)
(114.000000 -0.519600 1.295600)
(114.500000 -0.530300 1.289250)
(115.000000 -0.541000 1.282900)
(115.500000 -0.550600 1.275180)
(116.000000 -0.560200 1.267460)
(116.500000 -0.569800 1.259740)
(117.000000 -0.579400 1.252020)
(117.500000 -0.589000 1.244300)
(118.000000 -0.598600 1.236580)
(118.500000 -0.608200 1.228860)
(119.000000 -0.617800 1.221140)
(119.500000 -0.627400 1.213420)
(120.000000 -0.637000 1.205700)
(120.500000 -0.645300 1.196700)
(121.000000 -0.653600 1.187700)
(121.500000 -0.661900 1.178700)
(122.000000 -0.670200 1.169700)
(122.500000 -0.678500 1.160700)
(123.000000 -0.686800 1.151700)
(123.500000 -0.695100 1.142700)
(124.000000 -0.703400 1.133700)
(124.500000 -0.711700 1.124700)
(125.000000 -0.720000 1.115700)
(125.500000 -0.726700 1.105570)
(126.000000 -0.733400 1.095440)
(126.500000 -0.740100 1.085310)
(127.000000 -0.746800 1.075180)
(127.500000 -0.753500 1.065050)
(128.000000 -0.760200 1.054920)
(128.500000 -0.766900 1.044790)
(129.000000 -0.773600 1.034660)
(129.500000 -0.780300 1.024530)
(130.000000 -0.787000 1.014400)
(130.500000 -0.791900 1.003290)
(131.000000 -0.796800 0.992180)
(131.500000 -0.801700 0.981070)
(132.000000 -0.806600 0.969960)
(132.500000 -0.811500 0.958850)
(133.000000 -0.816400 0.947740)
(133.500000 -0.821300 0.936630)
(134.000000 -0.826200 0.925520)
(134.500000 -0.831100 0.914410)
(135.000000 -0.836000 0.903300)
(135.500000 -0.838800 0.891420)
(136.000000 -0.841600 0.879540)
(136.500000 -0.844400 0.867660)
(137.000000 -0.847200 0.855780)
(137.500000 -0.850000 0.843900)
(138.000000 -0.852800 0.832020)
(138.500000 -0.855600 0.820140)
(139.000000 -0.858400 0.808260)
(139.500000 -0.861200 0.796380)
(140.000000 -0.864000 0.784500)
(140.500000 -0.864500 0.772100)
(141.000000 -0.865000 0.759700)
(141.500000 -0.865500 0.747300)
(142.000000 -0.866000 0.734900)
(142.500000 -0.866500 0.722500)
(143.000000 -0.867000 0.710100)
(143.500000 -0.867500 0.697700)
(144.000000 -0.868000 0.685300)
(144.500000 -0.868500 0.672900)
(145.000000 -0.869000 0.660500)
(145.500000 -0.866800 0.647910)
(146.000000 -0.864600 0.635320)
(146.500000 -0.862400 0.622730)
(147.000000 -0.860200 0.610140)
(147.500000 -0.858000 0.597550)
(148.000000 -0.855800 0.584960)
(148.500000 -0.853600 0.572370)
(149.000000 -0.851400 0.559780)
(149.500000 -0.849200 0.547190)
(150.000000 -0.847000 0.534600)
(150.500000 -0.841800 0.522170)
(151.000000 -0.836600 0.509740)
(151.500000 -0.831400 0.497310)
(152.000000 -0.826200 0.484880)
(152.500000 -0.821000 0.472450)
(153.000000 -0.815800 0.460020)
(153.500000 -0.810600 0.447590)
(154.000000 -0.805400 0.435160)
(154.500000 -0.800200 0.422730)
(155.000000 -0.795000 0.410300)
(155.500000 -0.786600 0.398490)
(156.000000 -0.778200 0.386680)
(156.500000 -0.769800 0.374870)
(157.000000 -0.761400 0.363060)
(157.500000 -0.753000 0.351250)
(158.000000 -0.744600 0.339440)
(158.500000 -0.736200 0.327630)
(159.000000 -0.727800 0.315820)
(159.500000 -0.719400 0.304010)
(160.000000 -0.711000 0.292200)
(160.500000 -0.714850 0.282435)
(161.000000 -0.718700 0.272670)
(161.500000 -0.722550 0.262905)
(162.000000 -0.726400 0.253140)
(162.500000 -0.730250 0.243375)
(163.000000 -0.734100 0.233610)
(163.500000 -0.737950 0.223845)
(164.000000 -0.741800 0.214080)
(164.500000 -0.745650 0.204315)
(165.000000 -0.749500 0.194550)
(165.500000 -0.753350 0.184785)
(166.000000 -0.757200 0.175020)
(166.500000 -0.761050 0.165255)
(167.000000 -0.764900 0.155490)
(167.500000 -0.768750 0.145725)
(168.000000 -0.772600 0.135960)
(168.500000 -0.776450 0.126195)
(169.000000 -0.780300 0.116430)
(169.500000 -0.784150 0.106665)
(170.000000 -0.788000 0.096900)
(170.500000 -0.748600 0.090550)
(171.000000 -0.709200 0.084200)
(171.500000 -0.669800 0.077850)
(172.000000 -0.630400 0.071500)
(172.500000 -0.591000 0.065150)
(173.000000 -0.551600 0.058800)
(173.500000 -0.512200 0.052450)
(174.000000 -0.472800 0.046100)
(174.500000 -0.433400 0.039750)
(175.000000 -0.394000 0.033400)
(175.500000 -0.354600 0.031910)
(176.000000 -0.315200 0.030420)
(176.500000 -0.275800 0.028930)
(177.000000 -0.236400 0.027440)
(177.500000 -0.197000 0.025950)
(178.000000 -0.157600 0.024460)
(178.500000 -0.118200 0.022970)
(179.000000 -0.078800 0.021480)
(179.500000 -0.039400 0.019990)
(180.000000 0.000000 0.018500)
