// Polars table of section_4 for NREL 5MW 
// AOA    Cl    Cd 
(-180.000000 0.000000 0.429687)
(-179.500000 0.000000 0.429687)
(-179.000000 0.000000 0.429687)
(-178.500000 0.000000 0.429687)
(-178.000000 0.000000 0.429687)
(-177.500000 0.000000 0.429687)
(-177.000000 0.000000 0.429687)
(-176.500000 0.000000 0.429687)
(-176.000000 0.000000 0.429687)
(-175.500000 0.000000 0.429687)
(-175.000000 0.000000 0.429687)
(-174.500000 0.000000 0.429687)
(-174.000000 0.000000 0.429687)
(-173.500000 0.000000 0.429687)
(-173.000000 0.000000 0.429687)
(-172.500000 0.000000 0.429687)
(-172.000000 0.000000 0.429687)
(-171.500000 0.000000 0.429687)
(-171.000000 0.000000 0.429687)
(-170.500000 0.000000 0.429687)
(-170.000000 0.000000 0.429687)
(-169.500000 0.000000 0.429687)
(-169.000000 0.000000 0.429687)
(-168.500000 0.000000 0.429687)
(-168.000000 0.000000 0.429687)
(-167.500000 0.000000 0.429687)
(-167.000000 0.000000 0.429687)
(-166.500000 0.000000 0.429687)
(-166.000000 0.000000 0.429687)
(-165.500000 0.000000 0.429687)
(-165.000000 0.000000 0.429687)
(-164.500000 0.000000 0.429687)
(-164.000000 0.000000 0.429687)
(-163.500000 0.000000 0.429687)
(-163.000000 0.000000 0.429687)
(-162.500000 0.000000 0.429687)
(-162.000000 0.000000 0.429687)
(-161.500000 0.000000 0.429687)
(-161.000000 0.000000 0.429687)
(-160.500000 0.000000 0.429687)
(-160.000000 0.000000 0.429687)
(-159.500000 0.000000 0.429687)
(-159.000000 0.000000 0.429687)
(-158.500000 0.000000 0.429687)
(-158.000000 0.000000 0.429687)
(-157.500000 0.000000 0.429687)
(-157.000000 0.000000 0.429687)
(-156.500000 0.000000 0.429687)
(-156.000000 0.000000 0.429687)
(-155.500000 0.000000 0.429687)
(-155.000000 0.000000 0.429687)
(-154.500000 0.000000 0.429687)
(-154.000000 0.000000 0.429687)
(-153.500000 0.000000 0.429687)
(-153.000000 0.000000 0.429687)
(-152.500000 0.000000 0.429687)
(-152.000000 0.000000 0.429687)
(-151.500000 0.000000 0.429687)
(-151.000000 0.000000 0.429687)
(-150.500000 0.000000 0.429687)
(-150.000000 0.000000 0.429687)
(-149.500000 0.000000 0.429687)
(-149.000000 0.000000 0.429687)
(-148.500000 0.000000 0.429687)
(-148.000000 0.000000 0.429687)
(-147.500000 0.000000 0.429687)
(-147.000000 0.000000 0.429687)
(-146.500000 0.000000 0.429687)
(-146.000000 0.000000 0.429687)
(-145.500000 0.000000 0.429687)
(-145.000000 0.000000 0.429687)
(-144.500000 0.000000 0.429687)
(-144.000000 0.000000 0.429687)
(-143.500000 0.000000 0.429687)
(-143.000000 0.000000 0.429687)
(-142.500000 0.000000 0.429687)
(-142.000000 0.000000 0.429687)
(-141.500000 0.000000 0.429687)
(-141.000000 0.000000 0.429687)
(-140.500000 0.000000 0.429687)
(-140.000000 0.000000 0.429687)
(-139.500000 0.000000 0.429687)
(-139.000000 0.000000 0.429687)
(-138.500000 0.000000 0.429687)
(-138.000000 0.000000 0.429687)
(-137.500000 0.000000 0.429687)
(-137.000000 0.000000 0.429687)
(-136.500000 0.000000 0.429687)
(-136.000000 0.000000 0.429687)
(-135.500000 0.000000 0.429687)
(-135.000000 0.000000 0.429687)
(-134.500000 0.000000 0.429687)
(-134.000000 0.000000 0.429687)
(-133.500000 0.000000 0.429687)
(-133.000000 0.000000 0.429687)
(-132.500000 0.000000 0.429687)
(-132.000000 0.000000 0.429687)
(-131.500000 0.000000 0.429687)
(-131.000000 0.000000 0.429687)
(-130.500000 0.000000 0.429687)
(-130.000000 0.000000 0.429687)
(-129.500000 0.000000 0.429687)
(-129.000000 0.000000 0.429687)
(-128.500000 0.000000 0.429687)
(-128.000000 0.000000 0.429687)
(-127.500000 0.000000 0.429687)
(-127.000000 0.000000 0.429687)
(-126.500000 0.000000 0.429687)
(-126.000000 0.000000 0.429687)
(-125.500000 0.000000 0.429687)
(-125.000000 0.000000 0.429687)
(-124.500000 0.000000 0.429687)
(-124.000000 0.000000 0.429687)
(-123.500000 0.000000 0.429687)
(-123.000000 0.000000 0.429687)
(-122.500000 0.000000 0.429687)
(-122.000000 0.000000 0.429687)
(-121.500000 0.000000 0.429687)
(-121.000000 0.000000 0.429687)
(-120.500000 0.000000 0.429687)
(-120.000000 0.000000 0.429687)
(-119.500000 0.000000 0.429687)
(-119.000000 0.000000 0.429687)
(-118.500000 0.000000 0.429687)
(-118.000000 0.000000 0.429687)
(-117.500000 0.000000 0.429687)
(-117.000000 0.000000 0.429687)
(-116.500000 0.000000 0.429687)
(-116.000000 0.000000 0.429687)
(-115.500000 0.000000 0.429687)
(-115.000000 0.000000 0.429687)
(-114.500000 0.000000 0.429687)
(-114.000000 0.000000 0.429687)
(-113.500000 0.000000 0.429687)
(-113.000000 0.000000 0.429687)
(-112.500000 0.000000 0.429687)
(-112.000000 0.000000 0.429687)
(-111.500000 0.000000 0.429687)
(-111.000000 0.000000 0.429687)
(-110.500000 0.000000 0.429687)
(-110.000000 0.000000 0.429687)
(-109.500000 0.000000 0.429687)
(-109.000000 0.000000 0.429687)
(-108.500000 0.000000 0.429687)
(-108.000000 0.000000 0.429687)
(-107.500000 0.000000 0.429687)
(-107.000000 0.000000 0.429687)
(-106.500000 0.000000 0.429687)
(-106.000000 0.000000 0.429687)
(-105.500000 0.000000 0.429687)
(-105.000000 0.000000 0.429687)
(-104.500000 0.000000 0.429687)
(-104.000000 0.000000 0.429687)
(-103.500000 0.000000 0.429687)
(-103.000000 0.000000 0.429687)
(-102.500000 0.000000 0.429687)
(-102.000000 0.000000 0.429687)
(-101.500000 0.000000 0.429687)
(-101.000000 0.000000 0.429687)
(-100.500000 0.000000 0.429687)
(-100.000000 0.000000 0.429687)
(-99.500000 0.000000 0.429687)
(-99.000000 0.000000 0.429687)
(-98.500000 0.000000 0.429687)
(-98.000000 0.000000 0.429687)
(-97.500000 0.000000 0.429687)
(-97.000000 0.000000 0.429687)
(-96.500000 0.000000 0.429687)
(-96.000000 0.000000 0.429687)
(-95.500000 0.000000 0.429687)
(-95.000000 0.000000 0.429687)
(-94.500000 0.000000 0.429687)
(-94.000000 0.000000 0.429687)
(-93.500000 0.000000 0.429687)
(-93.000000 0.000000 0.429687)
(-92.500000 0.000000 0.429687)
(-92.000000 0.000000 0.429687)
(-91.500000 0.000000 0.429687)
(-91.000000 0.000000 0.429687)
(-90.500000 0.000000 0.429687)
(-90.000000 0.000000 0.429687)
(-89.500000 0.000000 0.429687)
(-89.000000 0.000000 0.429687)
(-88.500000 0.000000 0.429687)
(-88.000000 0.000000 0.429687)
(-87.500000 0.000000 0.429687)
(-87.000000 0.000000 0.429687)
(-86.500000 0.000000 0.429687)
(-86.000000 0.000000 0.429687)
(-85.500000 0.000000 0.429687)
(-85.000000 0.000000 0.429687)
(-84.500000 0.000000 0.429687)
(-84.000000 0.000000 0.429687)
(-83.500000 0.000000 0.429687)
(-83.000000 0.000000 0.429687)
(-82.500000 0.000000 0.429687)
(-82.000000 0.000000 0.429687)
(-81.500000 0.000000 0.429687)
(-81.000000 0.000000 0.429687)
(-80.500000 0.000000 0.429687)
(-80.000000 0.000000 0.429687)
(-79.500000 0.000000 0.429687)
(-79.000000 0.000000 0.429687)
(-78.500000 0.000000 0.429687)
(-78.000000 0.000000 0.429687)
(-77.500000 0.000000 0.429687)
(-77.000000 0.000000 0.429687)
(-76.500000 0.000000 0.429687)
(-76.000000 0.000000 0.429687)
(-75.500000 0.000000 0.429687)
(-75.000000 0.000000 0.429687)
(-74.500000 0.000000 0.429687)
(-74.000000 0.000000 0.429687)
(-73.500000 0.000000 0.429687)
(-73.000000 0.000000 0.429687)
(-72.500000 0.000000 0.429687)
(-72.000000 0.000000 0.429687)
(-71.500000 0.000000 0.429687)
(-71.000000 0.000000 0.429687)
(-70.500000 0.000000 0.429687)
(-70.000000 0.000000 0.429687)
(-69.500000 0.000000 0.429687)
(-69.000000 0.000000 0.429687)
(-68.500000 0.000000 0.429687)
(-68.000000 0.000000 0.429687)
(-67.500000 0.000000 0.429687)
(-67.000000 0.000000 0.429687)
(-66.500000 0.000000 0.429687)
(-66.000000 0.000000 0.429687)
(-65.500000 0.000000 0.429687)
(-65.000000 0.000000 0.429687)
(-64.500000 0.000000 0.429687)
(-64.000000 0.000000 0.429687)
(-63.500000 0.000000 0.429687)
(-63.000000 0.000000 0.429687)
(-62.500000 0.000000 0.429687)
(-62.000000 0.000000 0.429687)
(-61.500000 0.000000 0.429687)
(-61.000000 0.000000 0.429687)
(-60.500000 0.000000 0.429687)
(-60.000000 0.000000 0.429687)
(-59.500000 0.000000 0.429687)
(-59.000000 0.000000 0.429687)
(-58.500000 0.000000 0.429687)
(-58.000000 0.000000 0.429687)
(-57.500000 0.000000 0.429687)
(-57.000000 0.000000 0.429687)
(-56.500000 0.000000 0.429687)
(-56.000000 0.000000 0.429687)
(-55.500000 0.000000 0.429687)
(-55.000000 0.000000 0.429687)
(-54.500000 0.000000 0.429687)
(-54.000000 0.000000 0.429687)
(-53.500000 0.000000 0.429687)
(-53.000000 0.000000 0.429687)
(-52.500000 0.000000 0.429687)
(-52.000000 0.000000 0.429687)
(-51.500000 0.000000 0.429687)
(-51.000000 0.000000 0.429687)
(-50.500000 0.000000 0.429687)
(-50.000000 0.000000 0.429687)
(-49.500000 0.000000 0.429687)
(-49.000000 0.000000 0.429687)
(-48.500000 0.000000 0.429687)
(-48.000000 0.000000 0.429687)
(-47.500000 0.000000 0.429687)
(-47.000000 0.000000 0.429687)
(-46.500000 0.000000 0.429687)
(-46.000000 0.000000 0.429687)
(-45.500000 0.000000 0.429687)
(-45.000000 0.000000 0.429687)
(-44.500000 0.000000 0.429687)
(-44.000000 0.000000 0.429687)
(-43.500000 0.000000 0.429687)
(-43.000000 0.000000 0.429687)
(-42.500000 0.000000 0.429687)
(-42.000000 0.000000 0.429687)
(-41.500000 0.000000 0.429687)
(-41.000000 0.000000 0.429687)
(-40.500000 0.000000 0.429687)
(-40.000000 0.000000 0.429687)
(-39.500000 0.000000 0.429687)
(-39.000000 0.000000 0.429687)
(-38.500000 0.000000 0.429687)
(-38.000000 0.000000 0.429687)
(-37.500000 0.000000 0.429687)
(-37.000000 0.000000 0.429687)
(-36.500000 0.000000 0.429687)
(-36.000000 0.000000 0.429687)
(-35.500000 0.000000 0.429687)
(-35.000000 0.000000 0.429687)
(-34.500000 0.000000 0.429687)
(-34.000000 0.000000 0.429687)
(-33.500000 0.000000 0.429687)
(-33.000000 0.000000 0.429687)
(-32.500000 0.000000 0.429687)
(-32.000000 0.000000 0.429687)
(-31.500000 0.000000 0.429687)
(-31.000000 0.000000 0.429687)
(-30.500000 0.000000 0.429687)
(-30.000000 0.000000 0.429687)
(-29.500000 0.000000 0.429687)
(-29.000000 0.000000 0.429687)
(-28.500000 0.000000 0.429687)
(-28.000000 0.000000 0.429687)
(-27.500000 0.000000 0.429687)
(-27.000000 0.000000 0.429687)
(-26.500000 0.000000 0.429687)
(-26.000000 0.000000 0.429687)
(-25.500000 0.000000 0.429687)
(-25.000000 0.000000 0.429687)
(-24.500000 0.000000 0.429687)
(-24.000000 0.000000 0.429687)
(-23.500000 0.000000 0.429687)
(-23.000000 0.000000 0.429687)
(-22.500000 0.000000 0.429687)
(-22.000000 0.000000 0.429687)
(-21.500000 0.000000 0.429687)
(-21.000000 0.000000 0.429687)
(-20.500000 0.000000 0.429687)
(-20.000000 0.000000 0.429687)
(-19.500000 0.000000 0.429687)
(-19.000000 0.000000 0.429687)
(-18.500000 0.000000 0.429687)
(-18.000000 0.000000 0.429687)
(-17.500000 0.000000 0.429687)
(-17.000000 0.000000 0.429687)
(-16.500000 0.000000 0.429687)
(-16.000000 0.000000 0.429687)
(-15.500000 0.000000 0.429687)
(-15.000000 0.000000 0.429687)
(-14.500000 0.000000 0.429687)
(-14.000000 0.000000 0.429687)
(-13.500000 0.000000 0.429687)
(-13.000000 0.000000 0.429687)
(-12.500000 0.000000 0.429687)
(-12.000000 0.000000 0.429687)
(-11.500000 0.000000 0.429687)
(-11.000000 0.000000 0.429687)
(-10.500000 0.000000 0.429687)
(-10.000000 0.000000 0.429687)
(-9.500000 0.000000 0.429687)
(-9.000000 0.000000 0.429687)
(-8.500000 0.000000 0.429687)
(-8.000000 0.000000 0.429687)
(-7.500000 0.000000 0.429687)
(-7.000000 0.000000 0.429687)
(-6.500000 0.000000 0.429687)
(-6.000000 0.000000 0.429687)
(-5.500000 0.000000 0.429687)
(-5.000000 0.000000 0.429687)
(-4.500000 0.000000 0.429687)
(-4.000000 0.000000 0.429687)
(-3.500000 0.000000 0.429687)
(-3.000000 0.000000 0.429687)
(-2.500000 0.000000 0.429687)
(-2.000000 0.000000 0.429687)
(-1.500000 0.000000 0.429687)
(-1.000000 0.000000 0.429687)
(-0.500000 0.000000 0.429687)
(0.000000 0.000000 0.429687)
(0.500000 0.000000 0.429687)
(1.000000 0.000000 0.429687)
(1.500000 0.000000 0.429687)
(2.000000 0.000000 0.429687)
(2.500000 0.000000 0.429687)
(3.000000 0.000000 0.429687)
(3.500000 0.000000 0.429687)
(4.000000 0.000000 0.429687)
(4.500000 0.000000 0.429687)
(5.000000 0.000000 0.429687)
(5.500000 0.000000 0.429687)
(6.000000 0.000000 0.429687)
(6.500000 0.000000 0.429687)
(7.000000 0.000000 0.429687)
(7.500000 0.000000 0.429687)
(8.000000 0.000000 0.429687)
(8.500000 0.000000 0.429687)
(9.000000 0.000000 0.429687)
(9.500000 0.000000 0.429687)
(10.000000 0.000000 0.429687)
(10.500000 0.000000 0.429687)
(11.000000 0.000000 0.429687)
(11.500000 0.000000 0.429687)
(12.000000 0.000000 0.429687)
(12.500000 0.000000 0.429687)
(13.000000 0.000000 0.429687)
(13.500000 0.000000 0.429687)
(14.000000 0.000000 0.429687)
(14.500000 0.000000 0.429687)
(15.000000 0.000000 0.429687)
(15.500000 0.000000 0.429687)
(16.000000 0.000000 0.429687)
(16.500000 0.000000 0.429687)
(17.000000 0.000000 0.429687)
(17.500000 0.000000 0.429687)
(18.000000 0.000000 0.429687)
(18.500000 0.000000 0.429687)
(19.000000 0.000000 0.429687)
(19.500000 0.000000 0.429687)
(20.000000 0.000000 0.429687)
(20.500000 0.000000 0.429687)
(21.000000 0.000000 0.429687)
(21.500000 0.000000 0.429687)
(22.000000 0.000000 0.429687)
(22.500000 0.000000 0.429687)
(23.000000 0.000000 0.429687)
(23.500000 0.000000 0.429687)
(24.000000 0.000000 0.429687)
(24.500000 0.000000 0.429687)
(25.000000 0.000000 0.429687)
(25.500000 0.000000 0.429687)
(26.000000 0.000000 0.429687)
(26.500000 0.000000 0.429687)
(27.000000 0.000000 0.429687)
(27.500000 0.000000 0.429687)
(28.000000 0.000000 0.429687)
(28.500000 0.000000 0.429687)
(29.000000 0.000000 0.429687)
(29.500000 0.000000 0.429687)
(30.000000 0.000000 0.429687)
(30.500000 0.000000 0.429687)
(31.000000 0.000000 0.429687)
(31.500000 0.000000 0.429687)
(32.000000 0.000000 0.429687)
(32.500000 0.000000 0.429687)
(33.000000 0.000000 0.429687)
(33.500000 0.000000 0.429687)
(34.000000 0.000000 0.429687)
(34.500000 0.000000 0.429687)
(35.000000 0.000000 0.429687)
(35.500000 0.000000 0.429687)
(36.000000 0.000000 0.429687)
(36.500000 0.000000 0.429687)
(37.000000 0.000000 0.429687)
(37.500000 0.000000 0.429687)
(38.000000 0.000000 0.429687)
(38.500000 0.000000 0.429687)
(39.000000 0.000000 0.429687)
(39.500000 0.000000 0.429687)
(40.000000 0.000000 0.429687)
(40.500000 0.000000 0.429687)
(41.000000 0.000000 0.429687)
(41.500000 0.000000 0.429687)
(42.000000 0.000000 0.429687)
(42.500000 0.000000 0.429687)
(43.000000 0.000000 0.429687)
(43.500000 0.000000 0.429687)
(44.000000 0.000000 0.429687)
(44.500000 0.000000 0.429687)
(45.000000 0.000000 0.429687)
(45.500000 0.000000 0.429687)
(46.000000 0.000000 0.429687)
(46.500000 0.000000 0.429687)
(47.000000 0.000000 0.429687)
(47.500000 0.000000 0.429687)
(48.000000 0.000000 0.429687)
(48.500000 0.000000 0.429687)
(49.000000 0.000000 0.429687)
(49.500000 0.000000 0.429687)
(50.000000 0.000000 0.429687)
(50.500000 0.000000 0.429687)
(51.000000 0.000000 0.429687)
(51.500000 0.000000 0.429687)
(52.000000 0.000000 0.429687)
(52.500000 0.000000 0.429687)
(53.000000 0.000000 0.429687)
(53.500000 0.000000 0.429687)
(54.000000 0.000000 0.429687)
(54.500000 0.000000 0.429687)
(55.000000 0.000000 0.429687)
(55.500000 0.000000 0.429687)
(56.000000 0.000000 0.429687)
(56.500000 0.000000 0.429687)
(57.000000 0.000000 0.429687)
(57.500000 0.000000 0.429687)
(58.000000 0.000000 0.429687)
(58.500000 0.000000 0.429687)
(59.000000 0.000000 0.429687)
(59.500000 0.000000 0.429687)
(60.000000 0.000000 0.429687)
(60.500000 0.000000 0.429687)
(61.000000 0.000000 0.429687)
(61.500000 0.000000 0.429687)
(62.000000 0.000000 0.429687)
(62.500000 0.000000 0.429687)
(63.000000 0.000000 0.429687)
(63.500000 0.000000 0.429687)
(64.000000 0.000000 0.429687)
(64.500000 0.000000 0.429687)
(65.000000 0.000000 0.429687)
(65.500000 0.000000 0.429687)
(66.000000 0.000000 0.429687)
(66.500000 0.000000 0.429687)
(67.000000 0.000000 0.429687)
(67.500000 0.000000 0.429687)
(68.000000 0.000000 0.429687)
(68.500000 0.000000 0.429687)
(69.000000 0.000000 0.429687)
(69.500000 0.000000 0.429687)
(70.000000 0.000000 0.429687)
(70.500000 0.000000 0.429687)
(71.000000 0.000000 0.429687)
(71.500000 0.000000 0.429687)
(72.000000 0.000000 0.429687)
(72.500000 0.000000 0.429687)
(73.000000 0.000000 0.429687)
(73.500000 0.000000 0.429687)
(74.000000 0.000000 0.429687)
(74.500000 0.000000 0.429687)
(75.000000 0.000000 0.429687)
(75.500000 0.000000 0.429687)
(76.000000 0.000000 0.429687)
(76.500000 0.000000 0.429687)
(77.000000 0.000000 0.429687)
(77.500000 0.000000 0.429687)
(78.000000 0.000000 0.429687)
(78.500000 0.000000 0.429687)
(79.000000 0.000000 0.429687)
(79.500000 0.000000 0.429687)
(80.000000 0.000000 0.429687)
(80.500000 0.000000 0.429687)
(81.000000 0.000000 0.429687)
(81.500000 0.000000 0.429687)
(82.000000 0.000000 0.429687)
(82.500000 0.000000 0.429687)
(83.000000 0.000000 0.429687)
(83.500000 0.000000 0.429687)
(84.000000 0.000000 0.429687)
(84.500000 0.000000 0.429687)
(85.000000 0.000000 0.429687)
(85.500000 0.000000 0.429687)
(86.000000 0.000000 0.429687)
(86.500000 0.000000 0.429687)
(87.000000 0.000000 0.429687)
(87.500000 0.000000 0.429687)
(88.000000 0.000000 0.429687)
(88.500000 0.000000 0.429687)
(89.000000 0.000000 0.429687)
(89.500000 0.000000 0.429687)
(90.000000 0.000000 0.429687)
(90.500000 0.000000 0.429687)
(91.000000 0.000000 0.429687)
(91.500000 0.000000 0.429687)
(92.000000 0.000000 0.429687)
(92.500000 0.000000 0.429687)
(93.000000 0.000000 0.429687)
(93.500000 0.000000 0.429687)
(94.000000 0.000000 0.429687)
(94.500000 0.000000 0.429687)
(95.000000 0.000000 0.429687)
(95.500000 0.000000 0.429687)
(96.000000 0.000000 0.429687)
(96.500000 0.000000 0.429687)
(97.000000 0.000000 0.429687)
(97.500000 0.000000 0.429687)
(98.000000 0.000000 0.429687)
(98.500000 0.000000 0.429687)
(99.000000 0.000000 0.429687)
(99.500000 0.000000 0.429687)
(100.000000 0.000000 0.429687)
(100.500000 0.000000 0.429687)
(101.000000 0.000000 0.429687)
(101.500000 0.000000 0.429687)
(102.000000 0.000000 0.429687)
(102.500000 0.000000 0.429687)
(103.000000 0.000000 0.429687)
(103.500000 0.000000 0.429687)
(104.000000 0.000000 0.429687)
(104.500000 0.000000 0.429687)
(105.000000 0.000000 0.429687)
(105.500000 0.000000 0.429687)
(106.000000 0.000000 0.429687)
(106.500000 0.000000 0.429687)
(107.000000 0.000000 0.429687)
(107.500000 0.000000 0.429687)
(108.000000 0.000000 0.429687)
(108.500000 0.000000 0.429687)
(109.000000 0.000000 0.429687)
(109.500000 0.000000 0.429687)
(110.000000 0.000000 0.429687)
(110.500000 0.000000 0.429687)
(111.000000 0.000000 0.429687)
(111.500000 0.000000 0.429687)
(112.000000 0.000000 0.429687)
(112.500000 0.000000 0.429687)
(113.000000 0.000000 0.429687)
(113.500000 0.000000 0.429687)
(114.000000 0.000000 0.429687)
(114.500000 0.000000 0.429687)
(115.000000 0.000000 0.429687)
(115.500000 0.000000 0.429687)
(116.000000 0.000000 0.429687)
(116.500000 0.000000 0.429687)
(117.000000 0.000000 0.429687)
(117.500000 0.000000 0.429687)
(118.000000 0.000000 0.429687)
(118.500000 0.000000 0.429687)
(119.000000 0.000000 0.429687)
(119.500000 0.000000 0.429687)
(120.000000 0.000000 0.429687)
(120.500000 0.000000 0.429687)
(121.000000 0.000000 0.429687)
(121.500000 0.000000 0.429687)
(122.000000 0.000000 0.429687)
(122.500000 0.000000 0.429687)
(123.000000 0.000000 0.429687)
(123.500000 0.000000 0.429687)
(124.000000 0.000000 0.429687)
(124.500000 0.000000 0.429687)
(125.000000 0.000000 0.429687)
(125.500000 0.000000 0.429687)
(126.000000 0.000000 0.429687)
(126.500000 0.000000 0.429687)
(127.000000 0.000000 0.429687)
(127.500000 0.000000 0.429687)
(128.000000 0.000000 0.429687)
(128.500000 0.000000 0.429687)
(129.000000 0.000000 0.429687)
(129.500000 0.000000 0.429687)
(130.000000 0.000000 0.429687)
(130.500000 0.000000 0.429687)
(131.000000 0.000000 0.429687)
(131.500000 0.000000 0.429687)
(132.000000 0.000000 0.429687)
(132.500000 0.000000 0.429687)
(133.000000 0.000000 0.429687)
(133.500000 0.000000 0.429687)
(134.000000 0.000000 0.429687)
(134.500000 0.000000 0.429687)
(135.000000 0.000000 0.429687)
(135.500000 0.000000 0.429687)
(136.000000 0.000000 0.429687)
(136.500000 0.000000 0.429687)
(137.000000 0.000000 0.429687)
(137.500000 0.000000 0.429687)
(138.000000 0.000000 0.429687)
(138.500000 0.000000 0.429687)
(139.000000 0.000000 0.429687)
(139.500000 0.000000 0.429687)
(140.000000 0.000000 0.429687)
(140.500000 0.000000 0.429687)
(141.000000 0.000000 0.429687)
(141.500000 0.000000 0.429687)
(142.000000 0.000000 0.429687)
(142.500000 0.000000 0.429687)
(143.000000 0.000000 0.429687)
(143.500000 0.000000 0.429687)
(144.000000 0.000000 0.429687)
(144.500000 0.000000 0.429687)
(145.000000 0.000000 0.429687)
(145.500000 0.000000 0.429687)
(146.000000 0.000000 0.429687)
(146.500000 0.000000 0.429687)
(147.000000 0.000000 0.429687)
(147.500000 0.000000 0.429687)
(148.000000 0.000000 0.429687)
(148.500000 0.000000 0.429687)
(149.000000 0.000000 0.429687)
(149.500000 0.000000 0.429687)
(150.000000 0.000000 0.429687)
(150.500000 0.000000 0.429687)
(151.000000 0.000000 0.429687)
(151.500000 0.000000 0.429687)
(152.000000 0.000000 0.429687)
(152.500000 0.000000 0.429687)
(153.000000 0.000000 0.429687)
(153.500000 0.000000 0.429687)
(154.000000 0.000000 0.429687)
(154.500000 0.000000 0.429687)
(155.000000 0.000000 0.429687)
(155.500000 0.000000 0.429687)
(156.000000 0.000000 0.429687)
(156.500000 0.000000 0.429687)
(157.000000 0.000000 0.429687)
(157.500000 0.000000 0.429687)
(158.000000 0.000000 0.429687)
(158.500000 0.000000 0.429687)
(159.000000 0.000000 0.429687)
(159.500000 0.000000 0.429687)
(160.000000 0.000000 0.429687)
(160.500000 0.000000 0.429687)
(161.000000 0.000000 0.429687)
(161.500000 0.000000 0.429687)
(162.000000 0.000000 0.429687)
(162.500000 0.000000 0.429687)
(163.000000 0.000000 0.429687)
(163.500000 0.000000 0.429687)
(164.000000 0.000000 0.429687)
(164.500000 0.000000 0.429687)
(165.000000 0.000000 0.429687)
(165.500000 0.000000 0.429687)
(166.000000 0.000000 0.429687)
(166.500000 0.000000 0.429687)
(167.000000 0.000000 0.429687)
(167.500000 0.000000 0.429687)
(168.000000 0.000000 0.429687)
(168.500000 0.000000 0.429687)
(169.000000 0.000000 0.429687)
(169.500000 0.000000 0.429687)
(170.000000 0.000000 0.429687)
(170.500000 0.000000 0.429687)
(171.000000 0.000000 0.429687)
(171.500000 0.000000 0.429687)
(172.000000 0.000000 0.429687)
(172.500000 0.000000 0.429687)
(173.000000 0.000000 0.429687)
(173.500000 0.000000 0.429687)
(174.000000 0.000000 0.429687)
(174.500000 0.000000 0.429687)
(175.000000 0.000000 0.429687)
(175.500000 0.000000 0.429687)
(176.000000 0.000000 0.429687)
(176.500000 0.000000 0.429687)
(177.000000 0.000000 0.429687)
(177.500000 0.000000 0.429687)
(178.000000 0.000000 0.429687)
(178.500000 0.000000 0.429687)
(179.000000 0.000000 0.429687)
(179.500000 0.000000 0.429687)
(180.000000 0.000000 0.429687)
