// Polars table of section_13 for NREL 5MW 
// AOA    Cl    Cd 
(-180.000000 0.000000 0.038075)
(-179.500000 0.023256 0.039081)
(-179.000000 0.046513 0.040086)
(-178.500000 0.069769 0.041092)
(-178.000000 0.093025 0.042098)
(-177.500000 0.116281 0.043103)
(-177.000000 0.139538 0.044109)
(-176.500000 0.162794 0.045114)
(-176.000000 0.186050 0.046120)
(-175.500000 0.209306 0.047126)
(-175.000000 0.232563 0.048131)
(-174.500000 0.252469 0.053705)
(-174.000000 0.272375 0.059279)
(-173.500000 0.292281 0.064853)
(-173.000000 0.312188 0.070426)
(-172.500000 0.332094 0.076000)
(-172.000000 0.352000 0.081574)
(-171.500000 0.371906 0.087147)
(-171.000000 0.391813 0.092721)
(-170.500000 0.411719 0.098295)
(-170.000000 0.431625 0.103869)
(-169.500000 0.443197 0.113486)
(-169.000000 0.454769 0.123103)
(-168.500000 0.466341 0.132720)
(-168.000000 0.477913 0.142338)
(-167.500000 0.489484 0.151955)
(-167.000000 0.501056 0.161572)
(-166.500000 0.512628 0.171189)
(-166.000000 0.524200 0.180806)
(-165.500000 0.535772 0.190423)
(-165.000000 0.547344 0.200041)
(-164.500000 0.558916 0.209658)
(-164.000000 0.570488 0.219275)
(-163.500000 0.582059 0.228892)
(-163.000000 0.593631 0.238509)
(-162.500000 0.605203 0.248127)
(-162.000000 0.616775 0.257744)
(-161.500000 0.628347 0.267361)
(-161.000000 0.639919 0.276978)
(-160.500000 0.651491 0.286595)
(-160.000000 0.663062 0.296213)
(-159.500000 0.670675 0.307621)
(-159.000000 0.678288 0.319030)
(-158.500000 0.685900 0.330439)
(-158.000000 0.693512 0.341848)
(-157.500000 0.701125 0.353256)
(-157.000000 0.708738 0.364665)
(-156.500000 0.716350 0.376074)
(-156.000000 0.723962 0.387483)
(-155.500000 0.731575 0.398891)
(-155.000000 0.739187 0.410300)
(-154.500000 0.743781 0.422208)
(-154.000000 0.748375 0.434115)
(-153.500000 0.752969 0.446022)
(-153.000000 0.757562 0.457930)
(-152.500000 0.762156 0.469838)
(-152.000000 0.766750 0.481745)
(-151.500000 0.771344 0.493652)
(-151.000000 0.775937 0.505560)
(-150.500000 0.780531 0.517467)
(-150.000000 0.785125 0.529375)
(-149.500000 0.786881 0.541376)
(-149.000000 0.788638 0.553376)
(-148.500000 0.790394 0.565377)
(-148.000000 0.792150 0.577377)
(-147.500000 0.793906 0.589378)
(-147.000000 0.795663 0.601379)
(-146.500000 0.797419 0.613379)
(-146.000000 0.799175 0.625380)
(-145.500000 0.800931 0.637381)
(-145.000000 0.802687 0.649381)
(-144.500000 0.801962 0.661133)
(-144.000000 0.801238 0.672885)
(-143.500000 0.800512 0.684637)
(-143.000000 0.799788 0.696389)
(-142.500000 0.799063 0.708141)
(-142.000000 0.798338 0.719892)
(-141.500000 0.797612 0.731644)
(-141.000000 0.796887 0.743396)
(-140.500000 0.796162 0.755148)
(-140.000000 0.795438 0.766900)
(-139.500000 0.792475 0.778101)
(-139.000000 0.789513 0.789303)
(-138.500000 0.786550 0.800504)
(-138.000000 0.783588 0.811705)
(-137.500000 0.780625 0.822906)
(-137.000000 0.777662 0.834108)
(-136.500000 0.774700 0.845309)
(-136.000000 0.771737 0.856510)
(-135.500000 0.768775 0.867711)
(-135.000000 0.765813 0.878912)
(-134.500000 0.760931 0.889329)
(-134.000000 0.756050 0.899746)
(-133.500000 0.751169 0.910163)
(-133.000000 0.746288 0.920580)
(-132.500000 0.741406 0.930997)
(-132.000000 0.736525 0.941414)
(-131.500000 0.731644 0.951831)
(-131.000000 0.726762 0.962248)
(-130.500000 0.721881 0.972664)
(-130.000000 0.717000 0.983081)
(-129.500000 0.710319 0.992530)
(-129.000000 0.703637 1.001979)
(-128.500000 0.696956 1.011427)
(-128.000000 0.690275 1.020876)
(-127.500000 0.683594 1.030325)
(-127.000000 0.676912 1.039774)
(-126.500000 0.670231 1.049222)
(-126.000000 0.663550 1.058671)
(-125.500000 0.656869 1.068120)
(-125.000000 0.650187 1.077569)
(-124.500000 0.642088 1.085893)
(-124.000000 0.633988 1.094218)
(-123.500000 0.625888 1.102542)
(-123.000000 0.617788 1.110866)
(-122.500000 0.609688 1.119191)
(-122.000000 0.601588 1.127515)
(-121.500000 0.593488 1.135839)
(-121.000000 0.585388 1.144164)
(-120.500000 0.577288 1.152488)
(-120.000000 0.569188 1.160813)
(-119.500000 0.559869 1.167895)
(-119.000000 0.550550 1.174978)
(-118.500000 0.541231 1.182060)
(-118.000000 0.531913 1.189142)
(-117.500000 0.522594 1.196225)
(-117.000000 0.513275 1.203307)
(-116.500000 0.503956 1.210390)
(-116.000000 0.494638 1.217472)
(-115.500000 0.485319 1.224555)
(-115.000000 0.476000 1.231637)
(-114.500000 0.465762 1.237388)
(-114.000000 0.455525 1.243139)
(-113.500000 0.445288 1.248889)
(-113.000000 0.435050 1.254640)
(-112.500000 0.424813 1.260391)
(-112.000000 0.414575 1.266141)
(-111.500000 0.404338 1.271892)
(-111.000000 0.394100 1.277643)
(-110.500000 0.383862 1.283393)
(-110.000000 0.373625 1.289144)
(-109.500000 0.362606 1.293491)
(-109.000000 0.351587 1.297837)
(-108.500000 0.340569 1.302184)
(-108.000000 0.329550 1.306531)
(-107.500000 0.318531 1.310878)
(-107.000000 0.307512 1.315225)
(-106.500000 0.296494 1.319572)
(-106.000000 0.285475 1.323919)
(-105.500000 0.274456 1.328266)
(-105.000000 0.263437 1.332612)
(-104.500000 0.251800 1.335518)
(-104.000000 0.240163 1.338422)
(-103.500000 0.228525 1.341327)
(-103.000000 0.216888 1.344232)
(-102.500000 0.205250 1.347137)
(-102.000000 0.193612 1.350042)
(-101.500000 0.181975 1.352947)
(-101.000000 0.170338 1.355852)
(-100.500000 0.158700 1.358757)
(-100.000000 0.147063 1.361662)
(-99.500000 0.135206 1.363084)
(-99.000000 0.123350 1.364505)
(-98.500000 0.111494 1.365926)
(-98.000000 0.099638 1.367348)
(-97.500000 0.087781 1.368769)
(-97.000000 0.075925 1.370190)
(-96.500000 0.064069 1.371611)
(-96.000000 0.052213 1.373033)
(-95.500000 0.040356 1.374454)
(-95.000000 0.028500 1.375875)
(-94.500000 0.016544 1.375819)
(-94.000000 0.004588 1.375763)
(-93.500000 -0.007369 1.375706)
(-93.000000 -0.019325 1.375650)
(-92.500000 -0.031281 1.375594)
(-92.000000 -0.043237 1.375538)
(-91.500000 -0.055194 1.375481)
(-91.000000 -0.067150 1.375425)
(-90.500000 -0.079106 1.375369)
(-90.000000 -0.091062 1.375313)
(-89.500000 -0.102938 1.373779)
(-89.000000 -0.114813 1.372245)
(-88.500000 -0.126688 1.370711)
(-88.000000 -0.138563 1.369178)
(-87.500000 -0.150438 1.367644)
(-87.000000 -0.162312 1.366110)
(-86.500000 -0.174187 1.364576)
(-86.000000 -0.186063 1.363043)
(-85.500000 -0.197937 1.361509)
(-85.000000 -0.209812 1.359975)
(-84.500000 -0.221387 1.356994)
(-84.000000 -0.232963 1.354013)
(-83.500000 -0.244537 1.351031)
(-83.000000 -0.256113 1.348050)
(-82.500000 -0.267688 1.345069)
(-82.000000 -0.279263 1.342088)
(-81.500000 -0.290837 1.339106)
(-81.000000 -0.302413 1.336125)
(-80.500000 -0.313987 1.333144)
(-80.000000 -0.325563 1.330163)
(-79.500000 -0.336637 1.325752)
(-79.000000 -0.347712 1.321341)
(-78.500000 -0.358787 1.316931)
(-78.000000 -0.369862 1.312520)
(-77.500000 -0.380938 1.308109)
(-77.000000 -0.392012 1.303699)
(-76.500000 -0.403087 1.299288)
(-76.000000 -0.414162 1.294878)
(-75.500000 -0.425238 1.290467)
(-75.000000 -0.436312 1.286056)
(-74.500000 -0.446688 1.280286)
(-74.000000 -0.457062 1.274516)
(-73.500000 -0.467437 1.268746)
(-73.000000 -0.477812 1.262976)
(-72.500000 -0.488188 1.257206)
(-72.000000 -0.498563 1.251436)
(-71.500000 -0.508938 1.245666)
(-71.000000 -0.519312 1.239896)
(-70.500000 -0.529687 1.234126)
(-70.000000 -0.540063 1.228356)
(-69.500000 -0.549556 1.221303)
(-69.000000 -0.559050 1.214250)
(-68.500000 -0.568544 1.207197)
(-68.000000 -0.578038 1.200144)
(-67.500000 -0.587531 1.193091)
(-67.000000 -0.597025 1.186038)
(-66.500000 -0.606519 1.178984)
(-66.000000 -0.616013 1.171931)
(-65.500000 -0.625506 1.164878)
(-65.000000 -0.635000 1.157825)
(-64.500000 -0.643275 1.149573)
(-64.000000 -0.651550 1.141320)
(-63.500000 -0.659825 1.133068)
(-63.000000 -0.668100 1.124815)
(-62.500000 -0.676375 1.116562)
(-62.000000 -0.684650 1.108310)
(-61.500000 -0.692925 1.100058)
(-61.000000 -0.701200 1.091805)
(-60.500000 -0.709475 1.083552)
(-60.000000 -0.717750 1.075300)
(-59.500000 -0.724644 1.065972)
(-59.000000 -0.731538 1.056645)
(-58.500000 -0.738431 1.047318)
(-58.000000 -0.745325 1.037990)
(-57.500000 -0.752219 1.028663)
(-57.000000 -0.759112 1.019335)
(-56.500000 -0.766006 1.010007)
(-56.000000 -0.772900 1.000680)
(-55.500000 -0.779794 0.991352)
(-55.000000 -0.786688 0.982025)
(-54.500000 -0.791981 0.971776)
(-54.000000 -0.797275 0.961528)
(-53.500000 -0.802569 0.951279)
(-53.000000 -0.807863 0.941030)
(-52.500000 -0.813156 0.930781)
(-52.000000 -0.818450 0.920533)
(-51.500000 -0.823744 0.910284)
(-51.000000 -0.829037 0.900035)
(-50.500000 -0.834331 0.889786)
(-50.000000 -0.839625 0.879538)
(-49.500000 -0.843200 0.868562)
(-49.000000 -0.846775 0.857586)
(-48.500000 -0.850350 0.846611)
(-48.000000 -0.853925 0.835635)
(-47.500000 -0.857500 0.824659)
(-47.000000 -0.861075 0.813684)
(-46.500000 -0.864650 0.802708)
(-46.000000 -0.868225 0.791733)
(-45.500000 -0.871800 0.780757)
(-45.000000 -0.875375 0.769781)
(-44.500000 -0.876850 0.758284)
(-44.000000 -0.878325 0.746788)
(-43.500000 -0.879800 0.735291)
(-43.000000 -0.881275 0.723794)
(-42.500000 -0.882750 0.712297)
(-42.000000 -0.884225 0.700800)
(-41.500000 -0.885700 0.689303)
(-41.000000 -0.887175 0.677806)
(-40.500000 -0.888650 0.666309)
(-40.000000 -0.890125 0.654812)
(-39.500000 -0.889281 0.643079)
(-39.000000 -0.888438 0.631345)
(-38.500000 -0.887594 0.619611)
(-38.000000 -0.886750 0.607878)
(-37.500000 -0.885906 0.596144)
(-37.000000 -0.885063 0.584410)
(-36.500000 -0.884219 0.572676)
(-36.000000 -0.883375 0.560943)
(-35.500000 -0.882531 0.549209)
(-35.000000 -0.881687 0.537475)
(-34.500000 -0.878344 0.525816)
(-34.000000 -0.875000 0.514158)
(-33.500000 -0.871656 0.502499)
(-33.000000 -0.868313 0.490840)
(-32.500000 -0.864969 0.479181)
(-32.000000 -0.861625 0.467523)
(-31.500000 -0.858281 0.455864)
(-31.000000 -0.854938 0.444205)
(-30.500000 -0.851594 0.432546)
(-30.000000 -0.848250 0.420887)
(-29.500000 -0.842725 0.409712)
(-29.000000 -0.837200 0.398536)
(-28.500000 -0.831675 0.387361)
(-28.000000 -0.826150 0.376185)
(-27.500000 -0.820625 0.365009)
(-27.000000 -0.815100 0.353834)
(-26.500000 -0.809575 0.342658)
(-26.000000 -0.804050 0.331483)
(-25.500000 -0.798525 0.320307)
(-25.000000 -0.793000 0.309131)
(-24.500000 -0.788375 0.298509)
(-24.000000 -0.783750 0.287888)
(-23.500000 -0.779656 0.277512)
(-23.000000 -0.775562 0.267137)
(-22.500000 -0.771719 0.257031)
(-22.000000 -0.767875 0.246925)
(-21.500000 -0.764281 0.237097)
(-21.000000 -0.760687 0.227269)
(-20.500000 -0.756844 0.217719)
(-20.000000 -0.753000 0.208169)
(-19.500000 -0.749125 0.198897)
(-19.000000 -0.745250 0.189625)
(-18.500000 -0.741344 0.180712)
(-18.000000 -0.737438 0.171800)
(-17.500000 -0.733313 0.163238)
(-17.000000 -0.729188 0.154675)
(-16.500000 -0.725469 0.146594)
(-16.000000 -0.721750 0.138513)
(-15.500000 -0.718438 0.130903)
(-15.000000 -0.709481 0.123077)
(-14.500000 -0.695694 0.115442)
(-14.000000 -0.680980 0.107753)
(-13.500000 -0.665261 0.100493)
(-13.000000 -0.648952 0.093190)
(-12.500000 -0.632004 0.086244)
(-12.000000 -0.615349 0.079476)
(-11.500000 -0.599068 0.073419)
(-11.000000 -0.582450 0.067459)
(-10.500000 -0.565812 0.062108)
(-10.000000 -0.549291 0.056855)
(-9.500000 -0.531650 0.053010)
(-9.000000 -0.516442 0.048336)
(-8.500000 -0.506570 0.042563)
(-8.000000 -0.494887 0.037613)
(-7.500000 -0.479983 0.034129)
(-7.000000 -0.462573 0.030876)
(-6.500000 -0.440924 0.027997)
(-6.000000 -0.419211 0.024522)
(-5.500000 -0.395685 0.021745)
(-5.000000 -0.363378 0.019911)
(-4.500000 -0.351050 0.017507)
(-4.000000 -0.332380 0.015766)
(-3.500000 -0.280910 0.014714)
(-3.000000 -0.217500 0.021169)
(-2.500000 -0.142000 0.016925)
(-2.000000 -0.070750 0.014650)
(-1.500000 0.000500 0.012781)
(-1.000000 0.070750 0.011237)
(-0.500000 0.139375 0.010100)
(0.000000 0.213250 0.009269)
(0.500000 0.281688 0.009431)
(1.000000 0.351125 0.009612)
(1.500000 0.419563 0.009712)
(2.000000 0.487375 0.009813)
(2.500000 0.554813 0.009994)
(3.000000 0.622437 0.010094)
(3.500000 0.688063 0.010194)
(4.000000 0.755688 0.010313)
(4.500000 0.822125 0.010494)
(5.000000 0.887938 0.010594)
(5.500000 0.953562 0.010713)
(6.000000 1.019187 0.010831)
(6.500000 1.083000 0.011112)
(7.000000 1.145812 0.011350)
(7.500000 1.208875 0.011606)
(8.000000 1.268438 0.012094)
(8.500000 1.323531 0.012862)
(9.000000 1.372125 0.013712)
(9.500000 1.422375 0.014825)
(10.000000 1.471812 0.016275)
(10.500000 1.516437 0.018244)
(11.000000 1.559125 0.020544)
(11.500000 1.594750 0.024200)
(12.000000 1.624562 0.028794)
(12.500000 1.653063 0.034394)
(13.000000 1.656875 0.044150)
(13.500000 1.657188 0.054350)
(14.000000 1.644875 0.067344)
(14.500000 1.634188 0.084131)
(15.000000 1.620625 0.102816)
(15.500000 1.606313 0.121837)
(16.000000 1.589000 0.141731)
(16.500000 1.565687 0.162681)
(17.000000 1.546062 0.183069)
(17.500000 1.526000 0.204237)
(18.000000 1.508500 0.229162)
(18.500000 1.507781 0.248122)
(19.000000 1.509875 0.266950)
(19.500000 1.517688 0.284562)
(20.000000 1.533687 0.301075)
(20.500000 1.538937 0.318125)
(21.000000 1.541000 0.335250)
(21.500000 1.538406 0.353244)
(22.000000 1.535812 0.371237)
(22.500000 1.531813 0.389712)
(23.000000 1.527813 0.408188)
(23.500000 1.523406 0.427012)
(24.000000 1.519000 0.445837)
(24.500000 1.514500 0.464912)
(25.000000 1.510000 0.483988)
(25.500000 1.505094 0.503253)
(26.000000 1.500188 0.522519)
(26.500000 1.495922 0.541858)
(27.000000 1.491656 0.561197)
(27.500000 1.487391 0.580536)
(28.000000 1.483125 0.599875)
(28.500000 1.480797 0.619036)
(29.000000 1.478469 0.638197)
(29.500000 1.476141 0.657358)
(30.000000 1.473812 0.676519)
(30.500000 1.474672 0.695181)
(31.000000 1.475531 0.713844)
(31.500000 1.476391 0.732506)
(32.000000 1.477250 0.751169)
(32.500000 1.479625 0.769319)
(33.000000 1.482000 0.787469)
(33.500000 1.484375 0.805619)
(34.000000 1.486750 0.823769)
(34.500000 1.489125 0.841919)
(35.000000 1.491500 0.860069)
(35.500000 1.490169 0.877583)
(36.000000 1.488838 0.895096)
(36.500000 1.487506 0.912610)
(37.000000 1.486175 0.930124)
(37.500000 1.484844 0.947638)
(38.000000 1.483512 0.965151)
(38.500000 1.482181 0.982665)
(39.000000 1.480850 1.000179)
(39.500000 1.479519 1.017692)
(40.000000 1.478187 1.035206)
(40.500000 1.472706 1.051281)
(41.000000 1.467225 1.067356)
(41.500000 1.461744 1.083431)
(42.000000 1.456262 1.099506)
(42.500000 1.450781 1.115581)
(43.000000 1.445300 1.131656)
(43.500000 1.439819 1.147731)
(44.000000 1.434338 1.163806)
(44.500000 1.428856 1.179881)
(45.000000 1.423375 1.195956)
(45.500000 1.414325 1.209966)
(46.000000 1.405275 1.223976)
(46.500000 1.396225 1.237986)
(47.000000 1.387175 1.251996)
(47.500000 1.378125 1.266006)
(48.000000 1.369075 1.280016)
(48.500000 1.360025 1.294026)
(49.000000 1.350975 1.308036)
(49.500000 1.341925 1.322046)
(50.000000 1.332875 1.336056)
(50.500000 1.320737 1.347466)
(51.000000 1.308600 1.358875)
(51.500000 1.296462 1.370284)
(52.000000 1.284325 1.381694)
(52.500000 1.272187 1.393103)
(53.000000 1.260050 1.404513)
(53.500000 1.247912 1.415922)
(54.000000 1.235775 1.427331)
(54.500000 1.223637 1.438741)
(55.000000 1.211500 1.450150)
(55.500000 1.196956 1.458513)
(56.000000 1.182413 1.466876)
(56.500000 1.167869 1.475239)
(57.000000 1.153325 1.483602)
(57.500000 1.138781 1.491966)
(58.000000 1.124238 1.500329)
(58.500000 1.109694 1.508692)
(59.000000 1.095150 1.517055)
(59.500000 1.080606 1.525418)
(60.000000 1.066062 1.533781)
(60.500000 1.049838 1.538795)
(61.000000 1.033613 1.543809)
(61.500000 1.017388 1.548822)
(62.000000 1.001162 1.553836)
(62.500000 0.984938 1.558850)
(63.000000 0.968712 1.563864)
(63.500000 0.952488 1.568877)
(64.000000 0.936262 1.573891)
(64.500000 0.920038 1.578905)
(65.000000 0.903813 1.583919)
(65.500000 0.886688 1.585395)
(66.000000 0.869563 1.586871)
(66.500000 0.852437 1.588348)
(67.000000 0.835313 1.589824)
(67.500000 0.818187 1.591300)
(68.000000 0.801062 1.592776)
(68.500000 0.783937 1.594253)
(69.000000 0.766813 1.595729)
(69.500000 0.749688 1.597205)
(70.000000 0.732563 1.598681)
(70.500000 0.715162 1.596642)
(71.000000 0.697763 1.594604)
(71.500000 0.680362 1.592565)
(72.000000 0.662962 1.590526)
(72.500000 0.645562 1.588487)
(73.000000 0.628162 1.586449)
(73.500000 0.610762 1.584410)
(74.000000 0.593362 1.582371)
(74.500000 0.575962 1.580332)
(75.000000 0.558562 1.578294)
(75.500000 0.541669 1.573046)
(76.000000 0.524775 1.567799)
(76.500000 0.507881 1.562551)
(77.000000 0.490987 1.557304)
(77.500000 0.474094 1.552056)
(78.000000 0.457200 1.546809)
(78.500000 0.440306 1.541561)
(79.000000 0.423412 1.536314)
(79.500000 0.406519 1.531066)
(80.000000 0.389625 1.525819)
(80.500000 0.374063 1.518463)
(81.000000 0.358500 1.511107)
(81.500000 0.342937 1.503752)
(82.000000 0.327375 1.496396)
(82.500000 0.311812 1.489041)
(83.000000 0.296250 1.481685)
(83.500000 0.280687 1.474329)
(84.000000 0.265125 1.466974)
(84.500000 0.249562 1.459618)
(85.000000 0.234000 1.452262)
(85.500000 0.220531 1.447253)
(86.000000 0.207062 1.442244)
(86.500000 0.193594 1.437234)
(87.000000 0.180125 1.432225)
(87.500000 0.166656 1.427216)
(88.000000 0.153187 1.422206)
(88.500000 0.139719 1.417197)
(89.000000 0.126250 1.412188)
(89.500000 0.112781 1.407178)
(90.000000 0.099312 1.402169)
(90.500000 0.087031 1.402276)
(91.000000 0.074750 1.402383)
(91.500000 0.062469 1.402489)
(92.000000 0.050187 1.402596)
(92.500000 0.037906 1.402703)
(93.000000 0.025625 1.402810)
(93.500000 0.013344 1.402917)
(94.000000 0.001062 1.403024)
(94.500000 -0.011219 1.403131)
(95.000000 -0.023500 1.403238)
(95.500000 -0.035581 1.401836)
(96.000000 -0.047663 1.400435)
(96.500000 -0.059744 1.399034)
(97.000000 -0.071825 1.397632)
(97.500000 -0.083906 1.396231)
(98.000000 -0.095988 1.394830)
(98.500000 -0.108069 1.393429)
(99.000000 -0.120150 1.392027)
(99.500000 -0.132231 1.390626)
(100.000000 -0.144312 1.389225)
(100.500000 -0.156094 1.386326)
(101.000000 -0.167875 1.383426)
(101.500000 -0.179656 1.380527)
(102.000000 -0.191437 1.377628)
(102.500000 -0.203219 1.374728)
(103.000000 -0.215000 1.371829)
(103.500000 -0.226781 1.368929)
(104.000000 -0.238562 1.366030)
(104.500000 -0.250344 1.363131)
(105.000000 -0.262125 1.360231)
(105.500000 -0.273406 1.355854)
(106.000000 -0.284688 1.351476)
(106.500000 -0.295969 1.347099)
(107.000000 -0.307250 1.342721)
(107.500000 -0.318531 1.338344)
(108.000000 -0.329812 1.333966)
(108.500000 -0.341094 1.329589)
(109.000000 -0.352375 1.325211)
(109.500000 -0.363656 1.320834)
(110.000000 -0.374937 1.316456)
(110.500000 -0.385500 1.310652)
(111.000000 -0.396062 1.304849)
(111.500000 -0.406625 1.299045)
(112.000000 -0.417187 1.293241)
(112.500000 -0.427750 1.287438)
(113.000000 -0.438312 1.281634)
(113.500000 -0.448875 1.275830)
(114.000000 -0.459437 1.270026)
(114.500000 -0.470000 1.264223)
(115.000000 -0.480563 1.258419)
(115.500000 -0.490063 1.251247)
(116.000000 -0.499563 1.244075)
(116.500000 -0.509062 1.236903)
(117.000000 -0.518563 1.229731)
(117.500000 -0.528062 1.222559)
(118.000000 -0.537562 1.215387)
(118.500000 -0.547063 1.208216)
(119.000000 -0.556562 1.201044)
(119.500000 -0.566062 1.193872)
(120.000000 -0.575562 1.186700)
(120.500000 -0.583925 1.178252)
(121.000000 -0.592287 1.169804)
(121.500000 -0.600650 1.161356)
(122.000000 -0.609013 1.152907)
(122.500000 -0.617375 1.144459)
(123.000000 -0.625737 1.136011)
(123.500000 -0.634100 1.127563)
(124.000000 -0.642463 1.119115)
(124.500000 -0.650825 1.110667)
(125.000000 -0.659188 1.102219)
(125.500000 -0.665969 1.092624)
(126.000000 -0.672750 1.083030)
(126.500000 -0.679531 1.073436)
(127.000000 -0.686312 1.063841)
(127.500000 -0.693094 1.054247)
(128.000000 -0.699875 1.044652)
(128.500000 -0.706656 1.035058)
(129.000000 -0.713437 1.025464)
(129.500000 -0.720219 1.015869)
(130.000000 -0.727000 1.006275)
(130.500000 -0.732081 0.995674)
(131.000000 -0.737163 0.985074)
(131.500000 -0.742244 0.974473)
(132.000000 -0.747325 0.963872)
(132.500000 -0.752406 0.953272)
(133.000000 -0.757487 0.942671)
(133.500000 -0.762569 0.932071)
(134.000000 -0.767650 0.921470)
(134.500000 -0.772731 0.910869)
(135.000000 -0.777813 0.900269)
(135.500000 -0.780894 0.888862)
(136.000000 -0.783975 0.877455)
(136.500000 -0.787056 0.866048)
(137.000000 -0.790137 0.854641)
(137.500000 -0.793219 0.843234)
(138.000000 -0.796300 0.831827)
(138.500000 -0.799381 0.820421)
(139.000000 -0.802463 0.809014)
(139.500000 -0.805544 0.797607)
(140.000000 -0.808625 0.786200)
(140.500000 -0.809506 0.774227)
(141.000000 -0.810388 0.762254)
(141.500000 -0.811269 0.750281)
(142.000000 -0.812150 0.738308)
(142.500000 -0.813031 0.726334)
(143.000000 -0.813913 0.714361)
(143.500000 -0.814794 0.702388)
(144.000000 -0.815675 0.690415)
(144.500000 -0.816556 0.678442)
(145.000000 -0.817438 0.666469)
(145.500000 -0.815638 0.654218)
(146.000000 -0.813837 0.641966)
(146.500000 -0.812037 0.629715)
(147.000000 -0.810237 0.617464)
(147.500000 -0.808437 0.605212)
(148.000000 -0.806637 0.592961)
(148.500000 -0.804837 0.580710)
(149.000000 -0.803038 0.568459)
(149.500000 -0.801238 0.556207)
(150.000000 -0.799438 0.543956)
(150.500000 -0.794819 0.531772)
(151.000000 -0.790200 0.519589)
(151.500000 -0.785581 0.507405)
(152.000000 -0.780963 0.495221)
(152.500000 -0.776344 0.483037)
(153.000000 -0.771725 0.470854)
(153.500000 -0.767106 0.458670)
(154.000000 -0.762488 0.446486)
(154.500000 -0.757869 0.434302)
(155.000000 -0.753250 0.422119)
(155.500000 -0.745550 0.410443)
(156.000000 -0.737850 0.398767)
(156.500000 -0.730150 0.387092)
(157.000000 -0.722450 0.375416)
(157.500000 -0.714750 0.363741)
(158.000000 -0.707050 0.352065)
(158.500000 -0.699350 0.340389)
(159.000000 -0.691650 0.328714)
(159.500000 -0.683950 0.317038)
(160.000000 -0.676250 0.305362)
(160.500000 -0.664506 0.295488)
(161.000000 -0.652763 0.285613)
(161.500000 -0.641019 0.275737)
(162.000000 -0.629275 0.265863)
(162.500000 -0.617531 0.255988)
(163.000000 -0.605788 0.246112)
(163.500000 -0.594044 0.236238)
(164.000000 -0.582300 0.226362)
(164.500000 -0.570556 0.216487)
(165.000000 -0.558813 0.206613)
(165.500000 -0.547069 0.196737)
(166.000000 -0.535325 0.186862)
(166.500000 -0.523581 0.176987)
(167.000000 -0.511837 0.167112)
(167.500000 -0.500094 0.157237)
(168.000000 -0.488350 0.147362)
(168.500000 -0.476606 0.137488)
(169.000000 -0.464862 0.127612)
(169.500000 -0.453119 0.117738)
(170.000000 -0.441375 0.107863)
(170.500000 -0.420981 0.101948)
(171.000000 -0.400588 0.096033)
(171.500000 -0.380194 0.090117)
(172.000000 -0.359800 0.084202)
(172.500000 -0.339406 0.078287)
(173.000000 -0.319013 0.072373)
(173.500000 -0.298619 0.066458)
(174.000000 -0.278225 0.060542)
(174.500000 -0.257831 0.054627)
(175.000000 -0.237438 0.048712)
(175.500000 -0.213694 0.047649)
(176.000000 -0.189950 0.046585)
(176.500000 -0.166206 0.045521)
(177.000000 -0.142463 0.044457)
(177.500000 -0.118719 0.043394)
(178.000000 -0.094975 0.042330)
(178.500000 -0.071231 0.041266)
(179.000000 -0.047487 0.040202)
(179.500000 -0.023744 0.039139)
(180.000000 0.000000 0.038075)
