// Polars table of section_17 for NREL 5MW 
// AOA    Cl    Cd 
(-180.000000 0.000000 0.022231)
(-179.500000 0.033863 0.023392)
(-179.000000 0.067725 0.024553)
(-178.500000 0.101587 0.025713)
(-178.000000 0.135450 0.026874)
(-177.500000 0.169312 0.028034)
(-177.000000 0.203175 0.029195)
(-176.500000 0.237038 0.030356)
(-176.000000 0.270900 0.031516)
(-175.500000 0.304762 0.032677)
(-175.000000 0.338625 0.033837)
(-174.500000 0.372388 0.039962)
(-174.000000 0.406150 0.046086)
(-173.500000 0.439912 0.052211)
(-173.000000 0.473675 0.058335)
(-172.500000 0.507437 0.064459)
(-172.000000 0.541200 0.070584)
(-171.500000 0.574963 0.076708)
(-171.000000 0.608725 0.082833)
(-170.500000 0.642487 0.088957)
(-170.000000 0.676250 0.095081)
(-169.500000 0.677031 0.104611)
(-169.000000 0.677812 0.114141)
(-168.500000 0.678594 0.123670)
(-168.000000 0.679375 0.133200)
(-167.500000 0.680156 0.142730)
(-167.000000 0.680937 0.152259)
(-166.500000 0.681719 0.161789)
(-166.000000 0.682500 0.171319)
(-165.500000 0.683281 0.180848)
(-165.000000 0.684063 0.190378)
(-164.500000 0.684844 0.199908)
(-164.000000 0.685625 0.209437)
(-163.500000 0.686406 0.218967)
(-163.000000 0.687187 0.228497)
(-162.500000 0.687969 0.238027)
(-162.000000 0.688750 0.247556)
(-161.500000 0.689531 0.257086)
(-161.000000 0.690312 0.266616)
(-160.500000 0.691094 0.276145)
(-160.000000 0.691875 0.285675)
(-159.500000 0.700044 0.297192)
(-159.000000 0.708212 0.308710)
(-158.500000 0.716381 0.320227)
(-158.000000 0.724550 0.331745)
(-157.500000 0.732719 0.343263)
(-157.000000 0.740887 0.354780)
(-156.500000 0.749056 0.366298)
(-156.000000 0.757225 0.377815)
(-155.500000 0.765394 0.389333)
(-155.000000 0.773563 0.400850)
(-154.500000 0.778631 0.412968)
(-154.000000 0.783700 0.425086)
(-153.500000 0.788769 0.437204)
(-153.000000 0.793837 0.449323)
(-152.500000 0.798906 0.461441)
(-152.000000 0.803975 0.473559)
(-151.500000 0.809044 0.485677)
(-151.000000 0.814113 0.497795)
(-150.500000 0.819181 0.509913)
(-150.000000 0.824250 0.522031)
(-149.500000 0.826387 0.534320)
(-149.000000 0.828525 0.546609)
(-148.500000 0.830662 0.558897)
(-148.000000 0.832800 0.571186)
(-147.500000 0.834937 0.583475)
(-147.000000 0.837075 0.595764)
(-146.500000 0.839212 0.608052)
(-146.000000 0.841350 0.620341)
(-145.500000 0.843488 0.632630)
(-145.000000 0.845625 0.644919)
(-144.500000 0.845225 0.657014)
(-144.000000 0.844825 0.669110)
(-143.500000 0.844425 0.681206)
(-143.000000 0.844025 0.693301)
(-142.500000 0.843625 0.705397)
(-142.000000 0.843225 0.717493)
(-141.500000 0.842825 0.729588)
(-141.000000 0.842425 0.741684)
(-140.500000 0.842025 0.753779)
(-140.000000 0.841625 0.765875)
(-139.500000 0.838825 0.777467)
(-139.000000 0.836025 0.789060)
(-138.500000 0.833225 0.800652)
(-138.000000 0.830425 0.812245)
(-137.500000 0.827625 0.823838)
(-137.000000 0.824825 0.835430)
(-136.500000 0.822025 0.847023)
(-136.000000 0.819225 0.858615)
(-135.500000 0.816425 0.870208)
(-135.000000 0.813625 0.881800)
(-134.500000 0.808894 0.892639)
(-134.000000 0.804163 0.903479)
(-133.500000 0.799431 0.914318)
(-133.000000 0.794700 0.925158)
(-132.500000 0.789969 0.935997)
(-132.000000 0.785238 0.946836)
(-131.500000 0.780506 0.957676)
(-131.000000 0.775775 0.968515)
(-130.500000 0.771044 0.979354)
(-130.000000 0.766312 0.990194)
(-129.500000 0.759713 1.000087)
(-129.000000 0.753113 1.009980)
(-128.500000 0.746512 1.019873)
(-128.000000 0.739912 1.029766)
(-127.500000 0.733313 1.039659)
(-127.000000 0.726712 1.049552)
(-126.500000 0.720112 1.059446)
(-126.000000 0.713512 1.069339)
(-125.500000 0.706912 1.079232)
(-125.000000 0.700312 1.089125)
(-124.500000 0.692212 1.097904)
(-124.000000 0.684113 1.106684)
(-123.500000 0.676012 1.115463)
(-123.000000 0.667912 1.124243)
(-122.500000 0.659813 1.133022)
(-122.000000 0.651713 1.141801)
(-121.500000 0.643612 1.150581)
(-121.000000 0.635512 1.159360)
(-120.500000 0.627413 1.168139)
(-120.000000 0.619312 1.176919)
(-119.500000 0.609913 1.184455)
(-119.000000 0.600513 1.191991)
(-118.500000 0.591112 1.199527)
(-118.000000 0.581713 1.207064)
(-117.500000 0.572313 1.214600)
(-117.000000 0.562912 1.222136)
(-116.500000 0.553513 1.229672)
(-116.000000 0.544112 1.237209)
(-115.500000 0.534712 1.244745)
(-115.000000 0.525313 1.252281)
(-114.500000 0.514912 1.258471)
(-114.000000 0.504513 1.264660)
(-113.500000 0.494113 1.270849)
(-113.000000 0.483712 1.277039)
(-112.500000 0.473313 1.283228)
(-112.000000 0.462913 1.289417)
(-111.500000 0.452512 1.295607)
(-111.000000 0.442112 1.301796)
(-110.500000 0.431713 1.307986)
(-110.000000 0.421312 1.314175)
(-109.500000 0.410144 1.318951)
(-109.000000 0.398975 1.323727)
(-108.500000 0.387806 1.328504)
(-108.000000 0.376637 1.333280)
(-107.500000 0.365469 1.338056)
(-107.000000 0.354300 1.342833)
(-106.500000 0.343131 1.347609)
(-106.000000 0.331962 1.352385)
(-105.500000 0.320794 1.357161)
(-105.000000 0.309625 1.361938)
(-104.500000 0.297756 1.365243)
(-104.000000 0.285888 1.368549)
(-103.500000 0.274019 1.371854)
(-103.000000 0.262150 1.375160)
(-102.500000 0.250281 1.378466)
(-102.000000 0.238412 1.381771)
(-101.500000 0.226544 1.385077)
(-101.000000 0.214675 1.388383)
(-100.500000 0.202806 1.391688)
(-100.000000 0.190937 1.394994)
(-99.500000 0.178769 1.396806)
(-99.000000 0.166600 1.398619)
(-98.500000 0.154431 1.400431)
(-98.000000 0.142262 1.402244)
(-97.500000 0.130094 1.404056)
(-97.000000 0.117925 1.405869)
(-96.500000 0.105756 1.407681)
(-96.000000 0.093587 1.409494)
(-95.500000 0.081419 1.411306)
(-95.000000 0.069250 1.413119)
(-94.500000 0.056981 1.413408)
(-94.000000 0.044712 1.413696)
(-93.500000 0.032444 1.413985)
(-93.000000 0.020175 1.414274)
(-92.500000 0.007906 1.414562)
(-92.000000 -0.004363 1.414851)
(-91.500000 -0.016631 1.415140)
(-91.000000 -0.028900 1.415429)
(-90.500000 -0.041169 1.415717)
(-90.000000 -0.053437 1.416006)
(-89.500000 -0.065706 1.414778)
(-89.000000 -0.077975 1.413550)
(-88.500000 -0.090244 1.412322)
(-88.000000 -0.102513 1.411094)
(-87.500000 -0.114781 1.409866)
(-87.000000 -0.127050 1.408637)
(-86.500000 -0.139319 1.407409)
(-86.000000 -0.151588 1.406181)
(-85.500000 -0.163856 1.404953)
(-85.000000 -0.176125 1.403725)
(-84.500000 -0.188163 1.401003)
(-84.000000 -0.200200 1.398281)
(-83.500000 -0.212237 1.395559)
(-83.000000 -0.224275 1.392837)
(-82.500000 -0.236312 1.390116)
(-82.000000 -0.248350 1.387394)
(-81.500000 -0.260387 1.384672)
(-81.000000 -0.272425 1.381950)
(-80.500000 -0.284462 1.379228)
(-80.000000 -0.296500 1.376506)
(-79.500000 -0.307969 1.372314)
(-79.000000 -0.319438 1.368122)
(-78.500000 -0.330906 1.363931)
(-78.000000 -0.342375 1.359739)
(-77.500000 -0.353844 1.355547)
(-77.000000 -0.365313 1.351355)
(-76.500000 -0.376781 1.347163)
(-76.000000 -0.388250 1.342971)
(-75.500000 -0.399719 1.338779)
(-75.000000 -0.411187 1.334588)
(-74.500000 -0.422025 1.328968)
(-74.000000 -0.432863 1.323349)
(-73.500000 -0.443700 1.317729)
(-73.000000 -0.454538 1.312110)
(-72.500000 -0.465375 1.306491)
(-72.000000 -0.476213 1.300871)
(-71.500000 -0.487050 1.295252)
(-71.000000 -0.497888 1.289633)
(-70.500000 -0.508725 1.284013)
(-70.000000 -0.519563 1.278394)
(-69.500000 -0.529463 1.271434)
(-69.000000 -0.539363 1.264475)
(-68.500000 -0.549262 1.257516)
(-68.000000 -0.559163 1.250556)
(-67.500000 -0.569063 1.243597)
(-67.000000 -0.578963 1.236638)
(-66.500000 -0.588862 1.229678)
(-66.000000 -0.598763 1.222719)
(-65.500000 -0.608662 1.215759)
(-65.000000 -0.618563 1.208800)
(-64.500000 -0.627369 1.200573)
(-64.000000 -0.636175 1.192346)
(-63.500000 -0.644981 1.184119)
(-63.000000 -0.653787 1.175892)
(-62.500000 -0.662594 1.167666)
(-62.000000 -0.671400 1.159439)
(-61.500000 -0.680206 1.151212)
(-61.000000 -0.689012 1.142985)
(-60.500000 -0.697819 1.134758)
(-60.000000 -0.706625 1.126531)
(-59.500000 -0.713994 1.117164)
(-59.000000 -0.721363 1.107797)
(-58.500000 -0.728731 1.098431)
(-58.000000 -0.736100 1.089064)
(-57.500000 -0.743469 1.079697)
(-57.000000 -0.750838 1.070330)
(-56.500000 -0.758206 1.060963)
(-56.000000 -0.765575 1.051596)
(-55.500000 -0.772944 1.042229)
(-55.000000 -0.780312 1.032863)
(-54.500000 -0.786150 1.022505)
(-54.000000 -0.791988 1.012148)
(-53.500000 -0.797825 1.001790)
(-53.000000 -0.803663 0.991433)
(-52.500000 -0.809500 0.981075)
(-52.000000 -0.815338 0.970717)
(-51.500000 -0.821175 0.960360)
(-51.000000 -0.827012 0.950002)
(-50.500000 -0.832850 0.939645)
(-50.000000 -0.838687 0.929288)
(-49.500000 -0.842656 0.918109)
(-49.000000 -0.846625 0.906931)
(-48.500000 -0.850594 0.895753)
(-48.000000 -0.854562 0.884575)
(-47.500000 -0.858531 0.873397)
(-47.000000 -0.862500 0.862219)
(-46.500000 -0.866469 0.851041)
(-46.000000 -0.870437 0.839862)
(-45.500000 -0.874406 0.828684)
(-45.000000 -0.878375 0.817506)
(-44.500000 -0.880244 0.805744)
(-44.000000 -0.882113 0.793983)
(-43.500000 -0.883981 0.782221)
(-43.000000 -0.885850 0.770459)
(-42.500000 -0.887719 0.758697)
(-42.000000 -0.889587 0.746935)
(-41.500000 -0.891456 0.735173)
(-41.000000 -0.893325 0.723411)
(-40.500000 -0.895194 0.711649)
(-40.000000 -0.897062 0.699887)
(-39.500000 -0.896531 0.687795)
(-39.000000 -0.896000 0.675703)
(-38.500000 -0.895469 0.663610)
(-38.000000 -0.894937 0.651518)
(-37.500000 -0.894406 0.639425)
(-37.000000 -0.893875 0.627333)
(-36.500000 -0.893344 0.615240)
(-36.000000 -0.892813 0.603147)
(-35.500000 -0.892281 0.591055)
(-35.000000 -0.891750 0.578962)
(-34.500000 -0.888650 0.566873)
(-34.000000 -0.885550 0.554784)
(-33.500000 -0.882450 0.542694)
(-33.000000 -0.879350 0.530605)
(-32.500000 -0.876250 0.518516)
(-32.000000 -0.873150 0.506426)
(-31.500000 -0.870050 0.494337)
(-31.000000 -0.866950 0.482247)
(-30.500000 -0.863850 0.470158)
(-30.000000 -0.860750 0.458069)
(-29.500000 -0.855881 0.446409)
(-29.000000 -0.851013 0.434750)
(-28.500000 -0.846144 0.423091)
(-28.000000 -0.841275 0.411431)
(-27.500000 -0.836406 0.399772)
(-27.000000 -0.831538 0.388112)
(-26.500000 -0.826669 0.376453)
(-26.000000 -0.821800 0.364794)
(-25.500000 -0.816931 0.353134)
(-25.000000 -0.812062 0.341475)
(-24.500000 -0.811406 0.330219)
(-24.000000 -0.810750 0.318963)
(-23.500000 -0.814406 0.307675)
(-23.000000 -0.818063 0.296388)
(-22.500000 -0.824875 0.285038)
(-22.000000 -0.831688 0.273688)
(-21.500000 -0.841656 0.262359)
(-21.000000 -0.851625 0.251031)
(-20.500000 -0.864250 0.239725)
(-20.000000 -0.876875 0.228419)
(-19.500000 -0.891500 0.217272)
(-19.000000 -0.906125 0.206125)
(-18.500000 -0.922406 0.195103)
(-18.000000 -0.938688 0.184081)
(-17.500000 -0.956656 0.173237)
(-17.000000 -0.974625 0.162394)
(-16.500000 -0.992938 0.151778)
(-16.000000 -1.011250 0.141162)
(-15.500000 -1.029906 0.130862)
(-15.000000 -1.039157 0.120202)
(-14.500000 -1.039001 0.109353)
(-14.000000 -1.037300 0.098415)
(-13.500000 -1.033581 0.087690)
(-13.000000 -1.028879 0.076891)
(-12.500000 -1.003062 0.063366)
(-12.000000 -0.977595 0.050362)
(-11.500000 -0.945963 0.048873)
(-11.000000 -0.913771 0.047544)
(-10.500000 -0.874303 0.044790)
(-10.000000 -0.835031 0.042199)
(-9.500000 -0.794647 0.039629)
(-9.000000 -0.758286 0.035675)
(-8.500000 -0.715120 0.029966)
(-8.000000 -0.664479 0.021324)
(-7.500000 -0.608229 0.014849)
(-7.000000 -0.546399 0.012708)
(-6.500000 -0.477349 0.011631)
(-6.000000 -0.407801 0.009892)
(-5.500000 -0.336821 0.009248)
(-5.000000 -0.270625 0.008050)
(-4.500000 -0.202625 0.007756)
(-4.000000 -0.136188 0.007656)
(-3.500000 -0.071438 0.007525)
(-3.000000 -0.003813 0.007456)
(-2.500000 0.063125 0.007425)
(-2.000000 0.129750 0.007425)
(-1.500000 0.196375 0.007356)
(-1.000000 0.262000 0.007356)
(-0.500000 0.327625 0.007356)
(0.000000 0.395250 0.007187)
(0.500000 0.459875 0.007187)
(1.000000 0.525500 0.007288)
(1.500000 0.589437 0.007387)
(2.000000 0.655062 0.007487)
(2.500000 0.719375 0.007588)
(3.000000 0.782625 0.007687)
(3.500000 0.845938 0.007788)
(4.000000 0.909187 0.007987)
(4.500000 0.971125 0.008225)
(5.000000 1.025125 0.008463)
(5.500000 1.079156 0.009213)
(6.000000 1.133188 0.009963)
(6.500000 1.185188 0.011262)
(7.000000 1.236187 0.012419)
(7.500000 1.286937 0.013331)
(8.000000 1.326313 0.014425)
(8.500000 1.362281 0.015719)
(9.000000 1.396875 0.017288)
(9.500000 1.426750 0.019850)
(10.000000 1.447000 0.024012)
(10.500000 1.446063 0.029944)
(11.000000 1.417125 0.036844)
(11.500000 1.383813 0.045000)
(12.000000 1.362000 0.052881)
(12.500000 1.346250 0.061769)
(13.000000 1.316000 0.073656)
(13.500000 1.294188 0.085550)
(14.000000 1.286625 0.097844)
(14.500000 1.283750 0.109956)
(15.000000 1.290375 0.122525)
(15.500000 1.295063 0.135313)
(16.000000 1.301500 0.148269)
(16.500000 1.304000 0.160413)
(17.000000 1.309312 0.172838)
(17.500000 1.315875 0.184463)
(18.000000 1.320625 0.195156)
(18.500000 1.326250 0.206894)
(19.000000 1.340000 0.218413)
(19.500000 1.355187 0.229938)
(20.000000 1.367750 0.240781)
(20.500000 1.379938 0.252250)
(21.000000 1.384063 0.266319)
(21.500000 1.369063 0.280609)
(22.000000 1.354062 0.294900)
(22.500000 1.338062 0.309522)
(23.000000 1.322062 0.324144)
(23.500000 1.306062 0.339013)
(24.000000 1.290062 0.353881)
(24.500000 1.274250 0.368966)
(25.000000 1.258438 0.384050)
(25.500000 1.243313 0.399250)
(26.000000 1.228187 0.414450)
(26.500000 1.214656 0.429756)
(27.000000 1.201125 0.445062)
(27.500000 1.187594 0.460369)
(28.000000 1.174063 0.475675)
(28.500000 1.164312 0.490903)
(29.000000 1.154563 0.506131)
(29.500000 1.144813 0.521359)
(30.000000 1.135063 0.536587)
(30.500000 1.130688 0.551472)
(31.000000 1.126313 0.566356)
(31.500000 1.121938 0.581241)
(32.000000 1.117563 0.596125)
(32.500000 1.119281 0.610540)
(33.000000 1.121000 0.624954)
(33.500000 1.122719 0.639369)
(34.000000 1.124437 0.653783)
(34.500000 1.126156 0.668198)
(35.000000 1.127875 0.682613)
(35.500000 1.127550 0.696702)
(36.000000 1.127225 0.710791)
(36.500000 1.126900 0.724881)
(37.000000 1.126575 0.738970)
(37.500000 1.126250 0.753059)
(38.000000 1.125925 0.767149)
(38.500000 1.125600 0.781238)
(39.000000 1.125275 0.795328)
(39.500000 1.124950 0.809417)
(40.000000 1.124625 0.823506)
(40.500000 1.121350 0.836843)
(41.000000 1.118075 0.850180)
(41.500000 1.114800 0.863517)
(42.000000 1.111525 0.876854)
(42.500000 1.108250 0.890191)
(43.000000 1.104975 0.903528)
(43.500000 1.101700 0.916864)
(44.000000 1.098425 0.930201)
(44.500000 1.095150 0.943538)
(45.000000 1.091875 0.956875)
(45.500000 1.085875 0.969055)
(46.000000 1.079875 0.981235)
(46.500000 1.073875 0.993415)
(47.000000 1.067875 1.005595)
(47.500000 1.061875 1.017775)
(48.000000 1.055875 1.029955)
(48.500000 1.049875 1.042135)
(49.000000 1.043875 1.054315)
(49.500000 1.037875 1.066495)
(50.000000 1.031875 1.078675)
(50.500000 1.023619 1.089351)
(51.000000 1.015363 1.100026)
(51.500000 1.007106 1.110702)
(52.000000 0.998850 1.121377)
(52.500000 0.990594 1.132053)
(53.000000 0.982337 1.142729)
(53.500000 0.974081 1.153404)
(54.000000 0.965825 1.164080)
(54.500000 0.957569 1.174756)
(55.000000 0.949313 1.185431)
(55.500000 0.939194 1.194324)
(56.000000 0.929075 1.203218)
(56.500000 0.918956 1.212111)
(57.000000 0.908837 1.221004)
(57.500000 0.898719 1.229897)
(58.000000 0.888600 1.238790)
(58.500000 0.878481 1.247683)
(59.000000 0.868363 1.256576)
(59.500000 0.858244 1.265469)
(60.000000 0.848125 1.274363)
(60.500000 0.836544 1.281264)
(61.000000 0.824963 1.288165)
(61.500000 0.813381 1.295066)
(62.000000 0.801800 1.301968)
(62.500000 0.790219 1.308869)
(63.000000 0.778638 1.315770)
(63.500000 0.767056 1.322671)
(64.000000 0.755475 1.329573)
(64.500000 0.743894 1.336474)
(65.000000 0.732313 1.343375)
(65.500000 0.719625 1.348139)
(66.000000 0.706937 1.352903)
(66.500000 0.694250 1.357666)
(67.000000 0.681562 1.362430)
(67.500000 0.668875 1.367194)
(68.000000 0.656187 1.371958)
(68.500000 0.643500 1.376721)
(69.000000 0.630812 1.381485)
(69.500000 0.618125 1.386249)
(70.000000 0.605437 1.391012)
(70.500000 0.592150 1.393588)
(71.000000 0.578863 1.396163)
(71.500000 0.565575 1.398737)
(72.000000 0.552288 1.401312)
(72.500000 0.539000 1.403887)
(73.000000 0.525713 1.406462)
(73.500000 0.512425 1.409038)
(74.000000 0.499138 1.411612)
(74.500000 0.485850 1.414188)
(75.000000 0.472562 1.416762)
(75.500000 0.459031 1.417219)
(76.000000 0.445500 1.417676)
(76.500000 0.431969 1.418133)
(77.000000 0.418438 1.418590)
(77.500000 0.404906 1.419047)
(78.000000 0.391375 1.419504)
(78.500000 0.377844 1.419961)
(79.000000 0.364313 1.420418)
(79.500000 0.350781 1.420874)
(80.000000 0.337250 1.421331)
(80.500000 0.323975 1.420099)
(81.000000 0.310700 1.418867)
(81.500000 0.297425 1.417636)
(82.000000 0.284150 1.416404)
(82.500000 0.270875 1.415172)
(83.000000 0.257600 1.413940)
(83.500000 0.244325 1.412708)
(84.000000 0.231050 1.411476)
(84.500000 0.217775 1.410244)
(85.000000 0.204500 1.409012)
(85.500000 0.191875 1.407814)
(86.000000 0.179250 1.406616)
(86.500000 0.166625 1.405418)
(87.000000 0.154000 1.404220)
(87.500000 0.141375 1.403022)
(88.000000 0.128750 1.401824)
(88.500000 0.116125 1.400626)
(89.000000 0.103500 1.399428)
(89.500000 0.090875 1.398229)
(90.000000 0.078250 1.397031)
(90.500000 0.066050 1.396964)
(91.000000 0.053850 1.396898)
(91.500000 0.041650 1.396831)
(92.000000 0.029450 1.396764)
(92.500000 0.017250 1.396697)
(93.000000 0.005050 1.396630)
(93.500000 -0.007150 1.396563)
(94.000000 -0.019350 1.396496)
(94.500000 -0.031550 1.396429)
(95.000000 -0.043750 1.396362)
(95.500000 -0.055750 1.394789)
(96.000000 -0.067750 1.393215)
(96.500000 -0.079750 1.391641)
(97.000000 -0.091750 1.390067)
(97.500000 -0.103750 1.388494)
(98.000000 -0.115750 1.386920)
(98.500000 -0.127750 1.385346)
(99.000000 -0.139750 1.383772)
(99.500000 -0.151750 1.382199)
(100.000000 -0.163750 1.380625)
(100.500000 -0.175450 1.377561)
(101.000000 -0.187150 1.374497)
(101.500000 -0.198850 1.371434)
(102.000000 -0.210550 1.368370)
(102.500000 -0.222250 1.365306)
(103.000000 -0.233950 1.362243)
(103.500000 -0.245650 1.359179)
(104.000000 -0.257350 1.356115)
(104.500000 -0.269050 1.353051)
(105.000000 -0.280750 1.349988)
(105.500000 -0.291950 1.345468)
(106.000000 -0.303150 1.340948)
(106.500000 -0.314350 1.336428)
(107.000000 -0.325550 1.331908)
(107.500000 -0.336750 1.327387)
(108.000000 -0.347950 1.322868)
(108.500000 -0.359150 1.318348)
(109.000000 -0.370350 1.313827)
(109.500000 -0.381550 1.309308)
(110.000000 -0.392750 1.304787)
(110.500000 -0.403081 1.298851)
(111.000000 -0.413413 1.292914)
(111.500000 -0.423744 1.286977)
(112.000000 -0.434075 1.281040)
(112.500000 -0.444406 1.275103)
(113.000000 -0.454737 1.269166)
(113.500000 -0.465069 1.263229)
(114.000000 -0.475400 1.257293)
(114.500000 -0.485731 1.251356)
(115.000000 -0.496063 1.245419)
(115.500000 -0.505494 1.238136)
(116.000000 -0.514925 1.230853)
(116.500000 -0.524356 1.223569)
(117.000000 -0.533787 1.216286)
(117.500000 -0.543219 1.209003)
(118.000000 -0.552650 1.201720)
(118.500000 -0.562081 1.194437)
(119.000000 -0.571512 1.187154)
(119.500000 -0.580944 1.179871)
(120.000000 -0.590375 1.172588)
(120.500000 -0.598506 1.164058)
(121.000000 -0.606638 1.155529)
(121.500000 -0.614769 1.146999)
(122.000000 -0.622900 1.138470)
(122.500000 -0.631031 1.129941)
(123.000000 -0.639163 1.121411)
(123.500000 -0.647294 1.112882)
(124.000000 -0.655425 1.104353)
(124.500000 -0.663556 1.095823)
(125.000000 -0.671687 1.087294)
(125.500000 -0.678319 1.077641)
(126.000000 -0.684950 1.067989)
(126.500000 -0.691581 1.058336)
(127.000000 -0.698213 1.048684)
(127.500000 -0.704844 1.039031)
(128.000000 -0.711475 1.029379)
(128.500000 -0.718106 1.019726)
(129.000000 -0.724738 1.010074)
(129.500000 -0.731369 1.000421)
(130.000000 -0.738000 0.990769)
(130.500000 -0.742931 0.980147)
(131.000000 -0.747863 0.969525)
(131.500000 -0.752794 0.958903)
(132.000000 -0.757725 0.948281)
(132.500000 -0.762656 0.937659)
(133.000000 -0.767587 0.927037)
(133.500000 -0.772519 0.916416)
(134.000000 -0.777450 0.905794)
(134.500000 -0.782381 0.895172)
(135.000000 -0.787313 0.884550)
(135.500000 -0.790244 0.873152)
(136.000000 -0.793175 0.861754)
(136.500000 -0.796106 0.850356)
(137.000000 -0.799038 0.838957)
(137.500000 -0.801969 0.827559)
(138.000000 -0.804900 0.816161)
(138.500000 -0.807831 0.804763)
(139.000000 -0.810763 0.793365)
(139.500000 -0.813694 0.781967)
(140.000000 -0.816625 0.770569)
(140.500000 -0.817219 0.758634)
(141.000000 -0.817813 0.746700)
(141.500000 -0.818406 0.734766)
(142.000000 -0.819000 0.722831)
(142.500000 -0.819594 0.710897)
(143.000000 -0.820187 0.698962)
(143.500000 -0.820781 0.687028)
(144.000000 -0.821375 0.675094)
(144.500000 -0.821969 0.663159)
(145.000000 -0.822562 0.651225)
(145.500000 -0.820625 0.639055)
(146.000000 -0.818688 0.626885)
(146.500000 -0.816750 0.614715)
(147.000000 -0.814812 0.602545)
(147.500000 -0.812875 0.590375)
(148.000000 -0.810938 0.578205)
(148.500000 -0.809000 0.566035)
(149.000000 -0.807063 0.553865)
(149.500000 -0.805125 0.541695)
(150.000000 -0.803188 0.529525)
(150.500000 -0.798419 0.517476)
(151.000000 -0.793650 0.505426)
(151.500000 -0.788881 0.493377)
(152.000000 -0.784113 0.481328)
(152.500000 -0.779344 0.469278)
(153.000000 -0.774575 0.457229)
(153.500000 -0.769806 0.445179)
(154.000000 -0.765038 0.433130)
(154.500000 -0.760269 0.421081)
(155.000000 -0.755500 0.409031)
(155.500000 -0.747663 0.397523)
(156.000000 -0.739825 0.386015)
(156.500000 -0.731987 0.374507)
(157.000000 -0.724150 0.362999)
(157.500000 -0.716313 0.351491)
(158.000000 -0.708475 0.339983)
(158.500000 -0.700638 0.328474)
(159.000000 -0.692800 0.316966)
(159.500000 -0.684963 0.305458)
(160.000000 -0.677125 0.293950)
(160.500000 -0.677081 0.284315)
(161.000000 -0.677038 0.274680)
(161.500000 -0.676994 0.265045)
(162.000000 -0.676950 0.255410)
(162.500000 -0.676906 0.245775)
(163.000000 -0.676862 0.236140)
(163.500000 -0.676819 0.226505)
(164.000000 -0.676775 0.216870)
(164.500000 -0.676731 0.207235)
(165.000000 -0.676688 0.197600)
(165.500000 -0.676644 0.187965)
(166.000000 -0.676600 0.178330)
(166.500000 -0.676556 0.168695)
(167.000000 -0.676512 0.159060)
(167.500000 -0.676469 0.149425)
(168.000000 -0.676425 0.139790)
(168.500000 -0.676381 0.130155)
(169.000000 -0.676338 0.120520)
(169.500000 -0.676294 0.110885)
(170.000000 -0.676250 0.101250)
(170.500000 -0.642487 0.094785)
(171.000000 -0.608725 0.088320)
(171.500000 -0.574963 0.081855)
(172.000000 -0.541200 0.075390)
(172.500000 -0.507437 0.068925)
(173.000000 -0.473675 0.062460)
(173.500000 -0.439912 0.055995)
(174.000000 -0.406150 0.049530)
(174.500000 -0.372387 0.043065)
(175.000000 -0.338625 0.036600)
(175.500000 -0.304762 0.035163)
(176.000000 -0.270900 0.033726)
(176.500000 -0.237038 0.032289)
(177.000000 -0.203175 0.030853)
(177.500000 -0.169312 0.029416)
(178.000000 -0.135450 0.027979)
(178.500000 -0.101588 0.026542)
(179.000000 -0.067725 0.025105)
(179.500000 -0.033862 0.023668)
(180.000000 0.000000 0.022231)
