// Polars table of section_16 for NREL 5MW 
// AOA    Cl    Cd 
(-180.000000 0.000000 0.024669)
(-179.500000 0.030338 0.025758)
(-179.000000 0.060675 0.026847)
(-178.500000 0.091012 0.027937)
(-178.000000 0.121350 0.029026)
(-177.500000 0.151688 0.030116)
(-177.000000 0.182025 0.031205)
(-176.500000 0.212363 0.032294)
(-176.000000 0.242700 0.033384)
(-175.500000 0.273037 0.034473)
(-175.000000 0.303375 0.035562)
(-174.500000 0.333612 0.041608)
(-174.000000 0.363850 0.047654)
(-173.500000 0.394087 0.053699)
(-173.000000 0.424325 0.059745)
(-172.500000 0.454562 0.065791)
(-172.000000 0.484800 0.071836)
(-171.500000 0.515038 0.077882)
(-171.000000 0.545275 0.083928)
(-170.500000 0.575512 0.089973)
(-170.000000 0.605750 0.096019)
(-169.500000 0.609869 0.105554)
(-169.000000 0.613988 0.115089)
(-168.500000 0.618106 0.124625)
(-168.000000 0.622225 0.134160)
(-167.500000 0.626344 0.143695)
(-167.000000 0.630463 0.153231)
(-166.500000 0.634581 0.162766)
(-166.000000 0.638700 0.172301)
(-165.500000 0.642819 0.181837)
(-165.000000 0.646938 0.191372)
(-164.500000 0.651056 0.200907)
(-164.000000 0.655175 0.210443)
(-163.500000 0.659294 0.219978)
(-163.000000 0.663412 0.229513)
(-162.500000 0.667531 0.239048)
(-162.000000 0.671650 0.248584)
(-161.500000 0.675769 0.258119)
(-161.000000 0.679887 0.267654)
(-160.500000 0.684006 0.277190)
(-160.000000 0.688125 0.286725)
(-159.500000 0.696256 0.298227)
(-159.000000 0.704387 0.309730)
(-158.500000 0.712519 0.321232)
(-158.000000 0.720650 0.332735)
(-157.500000 0.728781 0.344238)
(-157.000000 0.736912 0.355740)
(-156.500000 0.745044 0.367243)
(-156.000000 0.753175 0.378745)
(-155.500000 0.761306 0.390247)
(-155.000000 0.769437 0.401750)
(-154.500000 0.774469 0.413842)
(-154.000000 0.779500 0.425934)
(-153.500000 0.784531 0.438026)
(-153.000000 0.789562 0.450118)
(-152.500000 0.794594 0.462209)
(-152.000000 0.799625 0.474301)
(-151.500000 0.804656 0.486393)
(-151.000000 0.809688 0.498485)
(-150.500000 0.814719 0.510577)
(-150.000000 0.819750 0.522669)
(-149.500000 0.821812 0.534920)
(-149.000000 0.823875 0.547171)
(-148.500000 0.825937 0.559422)
(-148.000000 0.828000 0.571674)
(-147.500000 0.830062 0.583925)
(-147.000000 0.832125 0.596176)
(-146.500000 0.834187 0.608427)
(-146.000000 0.836250 0.620679)
(-145.500000 0.838312 0.632930)
(-145.000000 0.840375 0.645181)
(-144.500000 0.839975 0.657236)
(-144.000000 0.839575 0.669290)
(-143.500000 0.839175 0.681344)
(-143.000000 0.838775 0.693399)
(-142.500000 0.838375 0.705453)
(-142.000000 0.837975 0.717507)
(-141.500000 0.837575 0.729562)
(-141.000000 0.837175 0.741616)
(-140.500000 0.836775 0.753671)
(-140.000000 0.836375 0.765725)
(-139.500000 0.833575 0.777273)
(-139.000000 0.830775 0.788820)
(-138.500000 0.827975 0.800368)
(-138.000000 0.825175 0.811915)
(-137.500000 0.822375 0.823462)
(-137.000000 0.819575 0.835010)
(-136.500000 0.816775 0.846557)
(-136.000000 0.813975 0.858105)
(-135.500000 0.811175 0.869652)
(-135.000000 0.808375 0.881200)
(-134.500000 0.803606 0.891991)
(-134.000000 0.798838 0.902781)
(-133.500000 0.794069 0.913572)
(-133.000000 0.789300 0.924362)
(-132.500000 0.784531 0.935153)
(-132.000000 0.779763 0.945944)
(-131.500000 0.774994 0.956734)
(-131.000000 0.770225 0.967525)
(-130.500000 0.765456 0.978316)
(-130.000000 0.760687 0.989106)
(-129.500000 0.754088 0.998943)
(-129.000000 0.747488 1.008780)
(-128.500000 0.740887 1.018617)
(-128.000000 0.734287 1.028454)
(-127.500000 0.727687 1.038291)
(-127.000000 0.721087 1.048127)
(-126.500000 0.714487 1.057964)
(-126.000000 0.707887 1.067801)
(-125.500000 0.701287 1.077638)
(-125.000000 0.694687 1.087475)
(-124.500000 0.686587 1.096206)
(-124.000000 0.678487 1.104936)
(-123.500000 0.670387 1.113667)
(-123.000000 0.662287 1.122397)
(-122.500000 0.654187 1.131128)
(-122.000000 0.646087 1.139859)
(-121.500000 0.637987 1.148589)
(-121.000000 0.629887 1.157320)
(-120.500000 0.621787 1.166051)
(-120.000000 0.613687 1.174781)
(-119.500000 0.604287 1.182265)
(-119.000000 0.594888 1.189749)
(-118.500000 0.585487 1.197232)
(-118.000000 0.576087 1.204716)
(-117.500000 0.566688 1.212200)
(-117.000000 0.557287 1.219684)
(-116.500000 0.547887 1.227167)
(-116.000000 0.538488 1.234651)
(-115.500000 0.529087 1.242135)
(-115.000000 0.519687 1.249619)
(-114.500000 0.509288 1.255759)
(-114.000000 0.498888 1.261900)
(-113.500000 0.488488 1.268041)
(-113.000000 0.478087 1.274181)
(-112.500000 0.467687 1.280322)
(-112.000000 0.457287 1.286462)
(-111.500000 0.446887 1.292603)
(-111.000000 0.436487 1.298744)
(-110.500000 0.426088 1.304884)
(-110.000000 0.415687 1.311025)
(-109.500000 0.404556 1.315749)
(-109.000000 0.393425 1.320472)
(-108.500000 0.382294 1.325196)
(-108.000000 0.371162 1.329920)
(-107.500000 0.360031 1.334644)
(-107.000000 0.348900 1.339367)
(-106.500000 0.337769 1.344091)
(-106.000000 0.326637 1.348815)
(-105.500000 0.315506 1.353539)
(-105.000000 0.304375 1.358262)
(-104.500000 0.292544 1.361527)
(-104.000000 0.280712 1.364791)
(-103.500000 0.268881 1.368056)
(-103.000000 0.257050 1.371320)
(-102.500000 0.245219 1.374584)
(-102.000000 0.233387 1.377849)
(-101.500000 0.221556 1.381113)
(-101.000000 0.209725 1.384377)
(-100.500000 0.197894 1.387642)
(-100.000000 0.186062 1.390906)
(-99.500000 0.173931 1.392674)
(-99.000000 0.161800 1.394441)
(-98.500000 0.149669 1.396209)
(-98.000000 0.137538 1.397976)
(-97.500000 0.125406 1.399744)
(-97.000000 0.113275 1.401511)
(-96.500000 0.101144 1.403279)
(-96.000000 0.089012 1.405046)
(-95.500000 0.076881 1.406814)
(-95.000000 0.064750 1.408581)
(-94.500000 0.052519 1.408833)
(-94.000000 0.040288 1.409084)
(-93.500000 0.028056 1.409335)
(-93.000000 0.015825 1.409586)
(-92.500000 0.003594 1.409837)
(-92.000000 -0.008637 1.410089)
(-91.500000 -0.020869 1.410340)
(-91.000000 -0.033100 1.410591)
(-90.500000 -0.045331 1.410842)
(-90.000000 -0.057563 1.411094)
(-89.500000 -0.069794 1.409832)
(-89.000000 -0.082025 1.408570)
(-88.500000 -0.094256 1.407308)
(-88.000000 -0.106487 1.406046)
(-87.500000 -0.118719 1.404784)
(-87.000000 -0.130950 1.403522)
(-86.500000 -0.143181 1.402261)
(-86.000000 -0.155412 1.400999)
(-85.500000 -0.167644 1.399737)
(-85.000000 -0.179875 1.398475)
(-84.500000 -0.191837 1.395727)
(-84.000000 -0.203800 1.392979)
(-83.500000 -0.215762 1.390231)
(-83.000000 -0.227725 1.387482)
(-82.500000 -0.239687 1.384734)
(-82.000000 -0.251650 1.381986)
(-81.500000 -0.263612 1.379238)
(-81.000000 -0.275575 1.376490)
(-80.500000 -0.287537 1.373742)
(-80.000000 -0.299500 1.370994)
(-79.500000 -0.310931 1.366776)
(-79.000000 -0.322362 1.362557)
(-78.500000 -0.333794 1.358339)
(-78.000000 -0.345225 1.354121)
(-77.500000 -0.356656 1.349903)
(-77.000000 -0.368088 1.345685)
(-76.500000 -0.379519 1.341467)
(-76.000000 -0.390950 1.337249)
(-75.500000 -0.402381 1.333031)
(-75.000000 -0.413812 1.328812)
(-74.500000 -0.424575 1.323182)
(-74.000000 -0.435338 1.317551)
(-73.500000 -0.446100 1.311921)
(-73.000000 -0.456862 1.306290)
(-72.500000 -0.467625 1.300659)
(-72.000000 -0.478388 1.295029)
(-71.500000 -0.489150 1.289398)
(-71.000000 -0.499913 1.283767)
(-70.500000 -0.510675 1.278137)
(-70.000000 -0.521437 1.272506)
(-69.500000 -0.531338 1.265536)
(-69.000000 -0.541238 1.258565)
(-68.500000 -0.551137 1.251594)
(-68.000000 -0.561037 1.244624)
(-67.500000 -0.570937 1.237653)
(-67.000000 -0.580838 1.230682)
(-66.500000 -0.590737 1.223712)
(-66.000000 -0.600638 1.216741)
(-65.500000 -0.610537 1.209771)
(-65.000000 -0.620437 1.202800)
(-64.500000 -0.629131 1.194577)
(-64.000000 -0.637825 1.186354)
(-63.500000 -0.646519 1.178131)
(-63.000000 -0.655212 1.169907)
(-62.500000 -0.663906 1.161684)
(-62.000000 -0.672600 1.153461)
(-61.500000 -0.681294 1.145238)
(-61.000000 -0.689987 1.137015)
(-60.500000 -0.698681 1.128792)
(-60.000000 -0.707375 1.120569)
(-59.500000 -0.714706 1.111206)
(-59.000000 -0.722037 1.101843)
(-58.500000 -0.729369 1.092479)
(-58.000000 -0.736700 1.083116)
(-57.500000 -0.744031 1.073753)
(-57.000000 -0.751363 1.064390)
(-56.500000 -0.758694 1.055027)
(-56.000000 -0.766025 1.045664)
(-55.500000 -0.773356 1.036301)
(-55.000000 -0.780687 1.026938)
(-54.500000 -0.786450 1.016595)
(-54.000000 -0.792212 1.006252)
(-53.500000 -0.797975 0.995910)
(-53.000000 -0.803737 0.985567)
(-52.500000 -0.809500 0.975225)
(-52.000000 -0.815263 0.964882)
(-51.500000 -0.821025 0.954540)
(-51.000000 -0.826788 0.944197)
(-50.500000 -0.832550 0.933855)
(-50.000000 -0.838312 0.923512)
(-49.500000 -0.842244 0.912361)
(-49.000000 -0.846175 0.901209)
(-48.500000 -0.850106 0.890057)
(-48.000000 -0.854037 0.878905)
(-47.500000 -0.857969 0.867753)
(-47.000000 -0.861900 0.856601)
(-46.500000 -0.865831 0.845449)
(-46.000000 -0.869762 0.834298)
(-45.500000 -0.873694 0.823146)
(-45.000000 -0.877625 0.811994)
(-44.500000 -0.879456 0.800266)
(-44.000000 -0.881288 0.788538)
(-43.500000 -0.883119 0.776809)
(-43.000000 -0.884950 0.765081)
(-42.500000 -0.886781 0.753353)
(-42.000000 -0.888613 0.741625)
(-41.500000 -0.890444 0.729897)
(-41.000000 -0.892275 0.718169)
(-40.500000 -0.894106 0.706441)
(-40.000000 -0.895938 0.694712)
(-39.500000 -0.895369 0.682665)
(-39.000000 -0.894800 0.670618)
(-38.500000 -0.894231 0.658570)
(-38.000000 -0.893663 0.646522)
(-37.500000 -0.893094 0.634475)
(-37.000000 -0.892525 0.622428)
(-36.500000 -0.891956 0.610380)
(-36.000000 -0.891387 0.598332)
(-35.500000 -0.890819 0.586285)
(-35.000000 -0.890250 0.574237)
(-34.500000 -0.887150 0.562197)
(-34.000000 -0.884050 0.550156)
(-33.500000 -0.880950 0.538116)
(-33.000000 -0.877850 0.526075)
(-32.500000 -0.874750 0.514034)
(-32.000000 -0.871650 0.501994)
(-31.500000 -0.868550 0.489953)
(-31.000000 -0.865450 0.477912)
(-30.500000 -0.862350 0.465872)
(-30.000000 -0.859250 0.453831)
(-29.500000 -0.855619 0.442281)
(-29.000000 -0.851988 0.430730)
(-28.500000 -0.848356 0.419179)
(-28.000000 -0.844725 0.407629)
(-27.500000 -0.841094 0.396078)
(-27.000000 -0.837462 0.384528)
(-26.500000 -0.833831 0.372977)
(-26.000000 -0.830200 0.361426)
(-25.500000 -0.826569 0.349876)
(-25.000000 -0.822937 0.338325)
(-24.500000 -0.828094 0.327481)
(-24.000000 -0.833250 0.316637)
(-23.500000 -0.843094 0.306025)
(-23.000000 -0.852937 0.295412)
(-22.500000 -0.866125 0.284963)
(-22.000000 -0.879312 0.274512)
(-21.500000 -0.895844 0.264291)
(-21.000000 -0.912375 0.254069)
(-20.500000 -0.931750 0.244075)
(-20.000000 -0.951125 0.234081)
(-19.500000 -0.972500 0.224378)
(-19.000000 -0.993875 0.214675)
(-18.500000 -1.017094 0.205247)
(-18.000000 -1.040312 0.195819)
(-17.500000 -1.064844 0.186662)
(-17.000000 -1.089375 0.177506)
(-16.500000 -1.114062 0.168672)
(-16.000000 -1.138750 0.159837)
(-15.500000 -1.163594 0.151337)
(-15.000000 -1.167744 0.142044)
(-14.500000 -1.151202 0.132037)
(-14.000000 -1.131260 0.121833)
(-13.500000 -1.107479 0.111558)
(-13.000000 -1.081533 0.101121)
(-12.500000 -1.044130 0.089304)
(-12.000000 -1.007740 0.078239)
(-11.500000 -0.969634 0.073062)
(-11.000000 -0.930297 0.068237)
(-10.500000 -0.886408 0.063120)
(-10.000000 -0.842951 0.058361)
(-9.500000 -0.798448 0.053665)
(-9.000000 -0.762854 0.045927)
(-8.500000 -0.739687 0.034195)
(-8.000000 -0.707854 0.023528)
(-7.500000 -0.664104 0.018105)
(-7.000000 -0.610525 0.015326)
(-6.500000 -0.541334 0.014121)
(-6.000000 -0.471728 0.010878)
(-5.500000 -0.399100 0.009931)
(-5.000000 -0.331375 0.008950)
(-4.500000 -0.263375 0.008544)
(-4.000000 -0.198812 0.008444)
(-3.500000 -0.135562 0.008275)
(-3.000000 -0.067187 0.008244)
(-2.500000 0.000875 0.008175)
(-2.000000 0.068250 0.008175)
(-1.500000 0.135625 0.008144)
(-1.000000 0.202000 0.008144)
(-0.500000 0.268375 0.008144)
(0.000000 0.336750 0.008012)
(0.500000 0.402125 0.008012)
(1.000000 0.468500 0.008112)
(1.500000 0.533563 0.008212)
(2.000000 0.599938 0.008312)
(2.500000 0.664625 0.008412)
(3.000000 0.729375 0.008512)
(3.500000 0.793063 0.008612)
(4.000000 0.857812 0.008812)
(4.500000 0.920875 0.008975)
(5.000000 0.980875 0.009137)
(5.500000 1.040344 0.009588)
(6.000000 1.099813 0.010037)
(6.500000 1.157812 0.010738)
(7.000000 1.214812 0.011481)
(7.500000 1.270062 0.012169)
(8.000000 1.314688 0.013375)
(8.500000 1.354219 0.014781)
(9.000000 1.393125 0.016313)
(9.500000 1.425250 0.018350)
(10.000000 1.453000 0.021388)
(10.500000 1.468938 0.025556)
(11.000000 1.468875 0.030656)
(11.500000 1.465187 0.037200)
(12.000000 1.464000 0.044219)
(12.500000 1.461750 0.052731)
(13.000000 1.400000 0.067844)
(13.500000 1.350812 0.081650)
(14.000000 1.323375 0.095256)
(14.500000 1.312250 0.108944)
(15.000000 1.313625 0.123275)
(15.500000 1.311937 0.138687)
(16.000000 1.316500 0.154231)
(16.500000 1.316000 0.167987)
(17.000000 1.315687 0.182362)
(17.500000 1.324125 0.195337)
(18.000000 1.327375 0.207944)
(18.500000 1.333750 0.220806)
(19.000000 1.352000 0.233187)
(19.500000 1.369812 0.245462)
(20.000000 1.384250 0.256119)
(20.500000 1.405062 0.268150)
(21.000000 1.412937 0.281581)
(21.500000 1.400937 0.296341)
(22.000000 1.388937 0.311100)
(22.500000 1.375937 0.326228)
(23.000000 1.362937 0.341356)
(23.500000 1.349937 0.356788)
(24.000000 1.336937 0.372219)
(24.500000 1.323750 0.387884)
(25.000000 1.310563 0.403550)
(25.500000 1.297687 0.419350)
(26.000000 1.284812 0.435150)
(26.500000 1.273344 0.451094)
(27.000000 1.261875 0.467037)
(27.500000 1.250406 0.482981)
(28.000000 1.238938 0.498925)
(28.500000 1.230687 0.514847)
(29.000000 1.222437 0.530769)
(29.500000 1.214187 0.546691)
(30.000000 1.205937 0.562612)
(30.500000 1.202313 0.578228)
(31.000000 1.198687 0.593844)
(31.500000 1.195062 0.609459)
(32.000000 1.191437 0.625075)
(32.500000 1.193219 0.640227)
(33.000000 1.195000 0.655379)
(33.500000 1.196781 0.670531)
(34.000000 1.198562 0.685683)
(34.500000 1.200344 0.700835)
(35.000000 1.202125 0.715987)
(35.500000 1.201650 0.730748)
(36.000000 1.201175 0.745509)
(36.500000 1.200700 0.760269)
(37.000000 1.200225 0.775030)
(37.500000 1.199750 0.789791)
(38.000000 1.199275 0.804551)
(38.500000 1.198800 0.819312)
(39.000000 1.198325 0.834072)
(39.500000 1.197850 0.848833)
(40.000000 1.197375 0.863594)
(40.500000 1.193650 0.877467)
(41.000000 1.189925 0.891340)
(41.500000 1.186200 0.905213)
(42.000000 1.182475 0.919086)
(42.500000 1.178750 0.932959)
(43.000000 1.175025 0.946832)
(43.500000 1.171300 0.960706)
(44.000000 1.167575 0.974579)
(44.500000 1.163850 0.988452)
(45.000000 1.160125 1.002325)
(45.500000 1.153525 1.014865)
(46.000000 1.146925 1.027405)
(46.500000 1.140325 1.039945)
(47.000000 1.133725 1.052485)
(47.500000 1.127125 1.065025)
(48.000000 1.120525 1.077565)
(48.500000 1.113925 1.090105)
(49.000000 1.107325 1.102645)
(49.500000 1.100725 1.115185)
(50.000000 1.094125 1.127725)
(50.500000 1.085081 1.138539)
(51.000000 1.076037 1.149354)
(51.500000 1.066994 1.160168)
(52.000000 1.057950 1.170983)
(52.500000 1.048906 1.181797)
(53.000000 1.039862 1.192611)
(53.500000 1.030819 1.203426)
(54.000000 1.021775 1.214240)
(54.500000 1.012731 1.225054)
(55.000000 1.003687 1.235869)
(55.500000 0.992706 1.244646)
(56.000000 0.981725 1.253422)
(56.500000 0.970744 1.262199)
(57.000000 0.959762 1.270976)
(57.500000 0.948781 1.279753)
(58.000000 0.937800 1.288530)
(58.500000 0.926819 1.297307)
(59.000000 0.915838 1.306084)
(59.500000 0.904856 1.314861)
(60.000000 0.893875 1.323638)
(60.500000 0.881356 1.330156)
(61.000000 0.868838 1.336675)
(61.500000 0.856319 1.343194)
(62.000000 0.843800 1.349712)
(62.500000 0.831281 1.356231)
(63.000000 0.818763 1.362750)
(63.500000 0.806244 1.369269)
(64.000000 0.793725 1.375787)
(64.500000 0.781206 1.382306)
(65.000000 0.768687 1.388825)
(65.500000 0.755175 1.392921)
(66.000000 0.741663 1.397018)
(66.500000 0.728150 1.401114)
(67.000000 0.714637 1.405210)
(67.500000 0.701125 1.409306)
(68.000000 0.687612 1.413402)
(68.500000 0.674100 1.417499)
(69.000000 0.660587 1.421595)
(69.500000 0.647075 1.425691)
(70.000000 0.633562 1.429787)
(70.500000 0.619450 1.431432)
(71.000000 0.605337 1.433078)
(71.500000 0.591225 1.434722)
(72.000000 0.577112 1.436368)
(72.500000 0.563000 1.438012)
(73.000000 0.548887 1.439658)
(73.500000 0.534775 1.441302)
(74.000000 0.520662 1.442947)
(74.500000 0.506550 1.444592)
(75.000000 0.492437 1.446238)
(75.500000 0.478269 1.445551)
(76.000000 0.464100 1.444864)
(76.500000 0.449931 1.444177)
(77.000000 0.435762 1.443490)
(77.500000 0.421594 1.442803)
(78.000000 0.407425 1.442116)
(78.500000 0.393256 1.441429)
(79.000000 0.379087 1.440742)
(79.500000 0.364919 1.440056)
(80.000000 0.350750 1.439369)
(80.500000 0.337025 1.436911)
(81.000000 0.323300 1.434452)
(81.500000 0.309575 1.431994)
(82.000000 0.295850 1.429536)
(82.500000 0.282125 1.427078)
(83.000000 0.268400 1.424620)
(83.500000 0.254675 1.422162)
(84.000000 0.240950 1.419704)
(84.500000 0.227225 1.417246)
(85.000000 0.213500 1.414787)
(85.500000 0.200725 1.412836)
(86.000000 0.187950 1.410884)
(86.500000 0.175175 1.408932)
(87.000000 0.162400 1.406980)
(87.500000 0.149625 1.405028)
(88.000000 0.136850 1.403076)
(88.500000 0.124075 1.401124)
(89.000000 0.111300 1.399172)
(89.500000 0.098525 1.397221)
(90.000000 0.085750 1.395269)
(90.500000 0.073550 1.395266)
(91.000000 0.061350 1.395263)
(91.500000 0.049150 1.395259)
(92.000000 0.036950 1.395256)
(92.500000 0.024750 1.395253)
(93.000000 0.012550 1.395250)
(93.500000 0.000350 1.395247)
(94.000000 -0.011850 1.395244)
(94.500000 -0.024050 1.395241)
(95.000000 -0.036250 1.395237)
(95.500000 -0.048250 1.393731)
(96.000000 -0.060250 1.392225)
(96.500000 -0.072250 1.390719)
(97.000000 -0.084250 1.389212)
(97.500000 -0.096250 1.387706)
(98.000000 -0.108250 1.386200)
(98.500000 -0.120250 1.384694)
(99.000000 -0.132250 1.383187)
(99.500000 -0.144250 1.381681)
(100.000000 -0.156250 1.380175)
(100.500000 -0.167950 1.377179)
(101.000000 -0.179650 1.374182)
(101.500000 -0.191350 1.371186)
(102.000000 -0.203050 1.368190)
(102.500000 -0.214750 1.365194)
(103.000000 -0.226450 1.362197)
(103.500000 -0.238150 1.359201)
(104.000000 -0.249850 1.356205)
(104.500000 -0.261550 1.353209)
(105.000000 -0.273250 1.350213)
(105.500000 -0.284450 1.345753)
(106.000000 -0.295650 1.341293)
(106.500000 -0.306850 1.336832)
(107.000000 -0.318050 1.332372)
(107.500000 -0.329250 1.327913)
(108.000000 -0.340450 1.323453)
(108.500000 -0.351650 1.318993)
(109.000000 -0.362850 1.314532)
(109.500000 -0.374050 1.310072)
(110.000000 -0.385250 1.305613)
(110.500000 -0.395619 1.299739)
(111.000000 -0.405988 1.293866)
(111.500000 -0.416356 1.287993)
(112.000000 -0.426725 1.282120)
(112.500000 -0.437094 1.276247)
(113.000000 -0.447462 1.270374)
(113.500000 -0.457831 1.264501)
(114.000000 -0.468200 1.258627)
(114.500000 -0.478569 1.252754)
(115.000000 -0.488937 1.246881)
(115.500000 -0.498406 1.239654)
(116.000000 -0.507875 1.232428)
(116.500000 -0.517344 1.225201)
(117.000000 -0.526812 1.217974)
(117.500000 -0.536281 1.210747)
(118.000000 -0.545750 1.203520)
(118.500000 -0.555219 1.196293)
(119.000000 -0.564687 1.189066)
(119.500000 -0.574156 1.181839)
(120.000000 -0.583625 1.174612)
(120.500000 -0.591794 1.166132)
(121.000000 -0.599963 1.157651)
(121.500000 -0.608131 1.149171)
(122.000000 -0.616300 1.140690)
(122.500000 -0.624469 1.132209)
(123.000000 -0.632637 1.123729)
(123.500000 -0.640806 1.115248)
(124.000000 -0.648975 1.106768)
(124.500000 -0.657144 1.098287)
(125.000000 -0.665312 1.089806)
(125.500000 -0.671981 1.080199)
(126.000000 -0.678650 1.070591)
(126.500000 -0.685319 1.060984)
(127.000000 -0.691987 1.051376)
(127.500000 -0.698656 1.041769)
(128.000000 -0.705325 1.032161)
(128.500000 -0.711994 1.022554)
(129.000000 -0.718662 1.012946)
(129.500000 -0.725331 1.003339)
(130.000000 -0.732000 0.993731)
(130.500000 -0.736969 0.983143)
(131.000000 -0.741937 0.972555)
(131.500000 -0.746906 0.961967)
(132.000000 -0.751875 0.951379)
(132.500000 -0.756844 0.940791)
(133.000000 -0.761813 0.930202)
(133.500000 -0.766781 0.919614)
(134.000000 -0.771750 0.909026)
(134.500000 -0.776719 0.898438)
(135.000000 -0.781687 0.887850)
(135.500000 -0.784656 0.876478)
(136.000000 -0.787625 0.865106)
(136.500000 -0.790594 0.853734)
(137.000000 -0.793562 0.842362)
(137.500000 -0.796531 0.830991)
(138.000000 -0.799500 0.819619)
(138.500000 -0.802469 0.808247)
(139.000000 -0.805438 0.796875)
(139.500000 -0.808406 0.785503)
(140.000000 -0.811375 0.774131)
(140.500000 -0.812081 0.762216)
(141.000000 -0.812787 0.750300)
(141.500000 -0.813494 0.738384)
(142.000000 -0.814200 0.726469)
(142.500000 -0.814906 0.714553)
(143.000000 -0.815612 0.702637)
(143.500000 -0.816319 0.690722)
(144.000000 -0.817025 0.678806)
(144.500000 -0.817731 0.666891)
(145.000000 -0.818437 0.654975)
(145.500000 -0.816575 0.642805)
(146.000000 -0.814712 0.630635)
(146.500000 -0.812850 0.618465)
(147.000000 -0.810987 0.606295)
(147.500000 -0.809125 0.594125)
(148.000000 -0.807262 0.581955)
(148.500000 -0.805400 0.569785)
(149.000000 -0.803538 0.557615)
(149.500000 -0.801675 0.545445)
(150.000000 -0.799813 0.533275)
(150.500000 -0.795081 0.521214)
(151.000000 -0.790350 0.509154)
(151.500000 -0.785619 0.497093)
(152.000000 -0.780887 0.485032)
(152.500000 -0.776156 0.472972)
(153.000000 -0.771425 0.460911)
(153.500000 -0.766694 0.448851)
(154.000000 -0.761963 0.436790)
(154.500000 -0.757231 0.424729)
(155.000000 -0.752500 0.412669)
(155.500000 -0.744738 0.401127)
(156.000000 -0.736975 0.389585)
(156.500000 -0.729212 0.378043)
(157.000000 -0.721450 0.366501)
(157.500000 -0.713688 0.354959)
(158.000000 -0.705925 0.343417)
(158.500000 -0.698163 0.331876)
(159.000000 -0.690400 0.320334)
(159.500000 -0.682638 0.308792)
(160.000000 -0.674875 0.297250)
(160.500000 -0.671419 0.287555)
(161.000000 -0.667963 0.277860)
(161.500000 -0.664506 0.268165)
(162.000000 -0.661050 0.258470)
(162.500000 -0.657594 0.248775)
(163.000000 -0.654138 0.239080)
(163.500000 -0.650681 0.229385)
(164.000000 -0.647225 0.219690)
(164.500000 -0.643769 0.209995)
(165.000000 -0.640313 0.200300)
(165.500000 -0.636856 0.190605)
(166.000000 -0.633400 0.180910)
(166.500000 -0.629944 0.171215)
(167.000000 -0.626488 0.161520)
(167.500000 -0.623031 0.151825)
(168.000000 -0.619575 0.142130)
(168.500000 -0.616119 0.132435)
(169.000000 -0.612662 0.122740)
(169.500000 -0.609206 0.113045)
(170.000000 -0.605750 0.103350)
(170.500000 -0.575512 0.096795)
(171.000000 -0.545275 0.090240)
(171.500000 -0.515038 0.083685)
(172.000000 -0.484800 0.077130)
(172.500000 -0.454562 0.070575)
(173.000000 -0.424325 0.064020)
(173.500000 -0.394087 0.057465)
(174.000000 -0.363850 0.050910)
(174.500000 -0.333612 0.044355)
(175.000000 -0.303375 0.037800)
(175.500000 -0.273037 0.036487)
(176.000000 -0.242700 0.035174)
(176.500000 -0.212363 0.033861)
(177.000000 -0.182025 0.032548)
(177.500000 -0.151688 0.031234)
(178.000000 -0.121350 0.029921)
(178.500000 -0.091013 0.028608)
(179.000000 -0.060675 0.027295)
(179.500000 -0.030337 0.025982)
(180.000000 0.000000 0.024669)
