// Blade element data: NREL 5-MW baseline wind turbine 
// axialDistance, radius, azimuth, chord, chordMount, twist
(0.0 1.500000 0.0 3.542000 0.250000 -13.308000)
(0.0 3.037500 0.0 3.561496 0.250000 -13.308000)
(0.0 4.575000 0.0 3.736999 0.250000 -13.308000)
(0.0 6.112500 0.0 3.912688 0.250000 -13.308000)
(0.0 7.650000 0.0 4.088753 0.250000 -13.308000)
(0.0 9.187500 0.0 4.264503 0.250000 -13.308000)
(0.0 10.725000 0.0 4.440001 0.250000 -13.308000)
(0.0 12.262500 0.0 4.568875 0.250000 -13.079500)
(0.0 13.800000 0.0 4.604500 0.250000 -12.394000)
(0.0 15.337500 0.0 4.640125 0.250000 -11.708500)
(0.0 16.875000 0.0 4.603500 0.250000 -11.150500)
(0.0 18.412500 0.0 4.530750 0.250000 -10.656250)
(0.0 19.950000 0.0 4.458000 0.250000 -10.162000)
(0.0 21.487500 0.0 4.379625 0.250000 -9.730375)
(0.0 23.025000 0.0 4.301250 0.250000 -9.298750)
(0.0 24.562500 0.0 4.218750 0.250000 -8.859000)
(0.0 26.100000 0.0 4.128000 0.250000 -8.403000)
(0.0 27.637500 0.0 4.037250 0.250000 -7.947000)
(0.0 29.175000 0.0 3.942250 0.250000 -7.482250)
(0.0 30.712500 0.0 3.845125 0.250000 -7.013125)
(0.0 32.250000 0.0 3.748000 0.250000 -6.544000)
(0.0 33.787500 0.0 3.655750 0.250000 -6.100375)
(0.0 35.325000 0.0 3.563500 0.250000 -5.656750)
(0.0 36.862500 0.0 3.471250 0.250000 -5.214375)
(0.0 38.400000 0.0 3.379000 0.250000 -4.774500)
(0.0 39.937500 0.0 3.286750 0.250000 -4.334625)
(0.0 41.475000 0.0 3.194500 0.250000 -3.922250)
(0.0 43.012500 0.0 3.102250 0.250000 -3.523625)
(0.0 44.550000 0.0 3.010000 0.250000 -3.125000)
(0.0 46.087500 0.0 2.917750 0.250000 -2.822750)
(0.0 47.625000 0.0 2.825500 0.250000 -2.520500)
(0.0 49.162500 0.0 2.733250 0.250000 -2.219875)
(0.0 50.700000 0.0 2.641000 0.250000 -1.922500)
(0.0 52.237500 0.0 2.548750 0.250000 -1.625125)
(0.0 53.775000 0.0 2.456501 0.250000 -1.327102)
(0.0 55.312500 0.0 2.364251 0.250000 -1.028755)
(0.0 56.850000 0.0 2.256252 0.250000 -0.739755)
(0.0 58.387500 0.0 2.128563 0.250000 -0.462439)
(0.0 59.925000 0.0 1.835872 0.250000 -0.270999)
(0.0 61.462500 0.0 1.460680 0.250000 -0.122497)
(0.0 63.000000 0.0 0.752000 0.250000 0.035400)
