// Set the probes -2 downstream of the upstream turbines vertically 
( -252.000000 0.000000 -113.400000 )
( -252.000000 0.000000 -108.864000 )
( -252.000000 0.000000 -104.328000 )
( -252.000000 0.000000 -99.792000 )
( -252.000000 0.000000 -95.256000 )
( -252.000000 0.000000 -90.720000 )
( -252.000000 0.000000 -86.184000 )
( -252.000000 0.000000 -81.648000 )
( -252.000000 0.000000 -77.112000 )
( -252.000000 0.000000 -72.576000 )
( -252.000000 0.000000 -68.040000 )
( -252.000000 0.000000 -63.504000 )
( -252.000000 0.000000 -58.968000 )
( -252.000000 0.000000 -54.432000 )
( -252.000000 0.000000 -49.896000 )
( -252.000000 0.000000 -45.360000 )
( -252.000000 0.000000 -40.824000 )
( -252.000000 0.000000 -36.288000 )
( -252.000000 0.000000 -31.752000 )
( -252.000000 0.000000 -27.216000 )
( -252.000000 0.000000 -22.680000 )
( -252.000000 0.000000 -18.144000 )
( -252.000000 0.000000 -13.608000 )
( -252.000000 0.000000 -9.072000 )
( -252.000000 0.000000 -4.536000 )
( -252.000000 0.000000 0.000000 )
( -252.000000 0.000000 4.536000 )
( -252.000000 0.000000 9.072000 )
( -252.000000 0.000000 13.608000 )
( -252.000000 0.000000 18.144000 )
( -252.000000 0.000000 22.680000 )
( -252.000000 0.000000 27.216000 )
( -252.000000 0.000000 31.752000 )
( -252.000000 0.000000 36.288000 )
( -252.000000 0.000000 40.824000 )
( -252.000000 0.000000 45.360000 )
( -252.000000 0.000000 49.896000 )
( -252.000000 0.000000 54.432000 )
( -252.000000 0.000000 58.968000 )
( -252.000000 0.000000 63.504000 )
( -252.000000 0.000000 68.040000 )
( -252.000000 0.000000 72.576000 )
( -252.000000 0.000000 77.112000 )
( -252.000000 0.000000 81.648000 )
( -252.000000 0.000000 86.184000 )
( -252.000000 0.000000 90.720000 )
( -252.000000 0.000000 95.256000 )
( -252.000000 0.000000 99.792000 )
( -252.000000 0.000000 104.328000 )
( -252.000000 0.000000 108.864000 )
( -252.000000 0.000000 113.400000 )


// Set the probes -1 downstream of the upstream turbines vertically 
( -126.000000 0.000000 -113.400000 )
( -126.000000 0.000000 -108.864000 )
( -126.000000 0.000000 -104.328000 )
( -126.000000 0.000000 -99.792000 )
( -126.000000 0.000000 -95.256000 )
( -126.000000 0.000000 -90.720000 )
( -126.000000 0.000000 -86.184000 )
( -126.000000 0.000000 -81.648000 )
( -126.000000 0.000000 -77.112000 )
( -126.000000 0.000000 -72.576000 )
( -126.000000 0.000000 -68.040000 )
( -126.000000 0.000000 -63.504000 )
( -126.000000 0.000000 -58.968000 )
( -126.000000 0.000000 -54.432000 )
( -126.000000 0.000000 -49.896000 )
( -126.000000 0.000000 -45.360000 )
( -126.000000 0.000000 -40.824000 )
( -126.000000 0.000000 -36.288000 )
( -126.000000 0.000000 -31.752000 )
( -126.000000 0.000000 -27.216000 )
( -126.000000 0.000000 -22.680000 )
( -126.000000 0.000000 -18.144000 )
( -126.000000 0.000000 -13.608000 )
( -126.000000 0.000000 -9.072000 )
( -126.000000 0.000000 -4.536000 )
( -126.000000 0.000000 0.000000 )
( -126.000000 0.000000 4.536000 )
( -126.000000 0.000000 9.072000 )
( -126.000000 0.000000 13.608000 )
( -126.000000 0.000000 18.144000 )
( -126.000000 0.000000 22.680000 )
( -126.000000 0.000000 27.216000 )
( -126.000000 0.000000 31.752000 )
( -126.000000 0.000000 36.288000 )
( -126.000000 0.000000 40.824000 )
( -126.000000 0.000000 45.360000 )
( -126.000000 0.000000 49.896000 )
( -126.000000 0.000000 54.432000 )
( -126.000000 0.000000 58.968000 )
( -126.000000 0.000000 63.504000 )
( -126.000000 0.000000 68.040000 )
( -126.000000 0.000000 72.576000 )
( -126.000000 0.000000 77.112000 )
( -126.000000 0.000000 81.648000 )
( -126.000000 0.000000 86.184000 )
( -126.000000 0.000000 90.720000 )
( -126.000000 0.000000 95.256000 )
( -126.000000 0.000000 99.792000 )
( -126.000000 0.000000 104.328000 )
( -126.000000 0.000000 108.864000 )
( -126.000000 0.000000 113.400000 )


// Set the probes 0 downstream of the upstream turbines vertically 
( 0.000000 0.000000 -113.400000 )
( 0.000000 0.000000 -108.864000 )
( 0.000000 0.000000 -104.328000 )
( 0.000000 0.000000 -99.792000 )
( 0.000000 0.000000 -95.256000 )
( 0.000000 0.000000 -90.720000 )
( 0.000000 0.000000 -86.184000 )
( 0.000000 0.000000 -81.648000 )
( 0.000000 0.000000 -77.112000 )
( 0.000000 0.000000 -72.576000 )
( 0.000000 0.000000 -68.040000 )
( 0.000000 0.000000 -63.504000 )
( 0.000000 0.000000 -58.968000 )
( 0.000000 0.000000 -54.432000 )
( 0.000000 0.000000 -49.896000 )
( 0.000000 0.000000 -45.360000 )
( 0.000000 0.000000 -40.824000 )
( 0.000000 0.000000 -36.288000 )
( 0.000000 0.000000 -31.752000 )
( 0.000000 0.000000 -27.216000 )
( 0.000000 0.000000 -22.680000 )
( 0.000000 0.000000 -18.144000 )
( 0.000000 0.000000 -13.608000 )
( 0.000000 0.000000 -9.072000 )
( 0.000000 0.000000 -4.536000 )
( 0.000000 0.000000 0.000000 )
( 0.000000 0.000000 4.536000 )
( 0.000000 0.000000 9.072000 )
( 0.000000 0.000000 13.608000 )
( 0.000000 0.000000 18.144000 )
( 0.000000 0.000000 22.680000 )
( 0.000000 0.000000 27.216000 )
( 0.000000 0.000000 31.752000 )
( 0.000000 0.000000 36.288000 )
( 0.000000 0.000000 40.824000 )
( 0.000000 0.000000 45.360000 )
( 0.000000 0.000000 49.896000 )
( 0.000000 0.000000 54.432000 )
( 0.000000 0.000000 58.968000 )
( 0.000000 0.000000 63.504000 )
( 0.000000 0.000000 68.040000 )
( 0.000000 0.000000 72.576000 )
( 0.000000 0.000000 77.112000 )
( 0.000000 0.000000 81.648000 )
( 0.000000 0.000000 86.184000 )
( 0.000000 0.000000 90.720000 )
( 0.000000 0.000000 95.256000 )
( 0.000000 0.000000 99.792000 )
( 0.000000 0.000000 104.328000 )
( 0.000000 0.000000 108.864000 )
( 0.000000 0.000000 113.400000 )


// Set the probes 2 downstream of the upstream turbines vertically 
( 252.000000 0.000000 -113.400000 )
( 252.000000 0.000000 -108.864000 )
( 252.000000 0.000000 -104.328000 )
( 252.000000 0.000000 -99.792000 )
( 252.000000 0.000000 -95.256000 )
( 252.000000 0.000000 -90.720000 )
( 252.000000 0.000000 -86.184000 )
( 252.000000 0.000000 -81.648000 )
( 252.000000 0.000000 -77.112000 )
( 252.000000 0.000000 -72.576000 )
( 252.000000 0.000000 -68.040000 )
( 252.000000 0.000000 -63.504000 )
( 252.000000 0.000000 -58.968000 )
( 252.000000 0.000000 -54.432000 )
( 252.000000 0.000000 -49.896000 )
( 252.000000 0.000000 -45.360000 )
( 252.000000 0.000000 -40.824000 )
( 252.000000 0.000000 -36.288000 )
( 252.000000 0.000000 -31.752000 )
( 252.000000 0.000000 -27.216000 )
( 252.000000 0.000000 -22.680000 )
( 252.000000 0.000000 -18.144000 )
( 252.000000 0.000000 -13.608000 )
( 252.000000 0.000000 -9.072000 )
( 252.000000 0.000000 -4.536000 )
( 252.000000 0.000000 0.000000 )
( 252.000000 0.000000 4.536000 )
( 252.000000 0.000000 9.072000 )
( 252.000000 0.000000 13.608000 )
( 252.000000 0.000000 18.144000 )
( 252.000000 0.000000 22.680000 )
( 252.000000 0.000000 27.216000 )
( 252.000000 0.000000 31.752000 )
( 252.000000 0.000000 36.288000 )
( 252.000000 0.000000 40.824000 )
( 252.000000 0.000000 45.360000 )
( 252.000000 0.000000 49.896000 )
( 252.000000 0.000000 54.432000 )
( 252.000000 0.000000 58.968000 )
( 252.000000 0.000000 63.504000 )
( 252.000000 0.000000 68.040000 )
( 252.000000 0.000000 72.576000 )
( 252.000000 0.000000 77.112000 )
( 252.000000 0.000000 81.648000 )
( 252.000000 0.000000 86.184000 )
( 252.000000 0.000000 90.720000 )
( 252.000000 0.000000 95.256000 )
( 252.000000 0.000000 99.792000 )
( 252.000000 0.000000 104.328000 )
( 252.000000 0.000000 108.864000 )
( 252.000000 0.000000 113.400000 )


// Set the probes 3 downstream of the upstream turbines vertically 
( 378.000000 0.000000 -113.400000 )
( 378.000000 0.000000 -108.864000 )
( 378.000000 0.000000 -104.328000 )
( 378.000000 0.000000 -99.792000 )
( 378.000000 0.000000 -95.256000 )
( 378.000000 0.000000 -90.720000 )
( 378.000000 0.000000 -86.184000 )
( 378.000000 0.000000 -81.648000 )
( 378.000000 0.000000 -77.112000 )
( 378.000000 0.000000 -72.576000 )
( 378.000000 0.000000 -68.040000 )
( 378.000000 0.000000 -63.504000 )
( 378.000000 0.000000 -58.968000 )
( 378.000000 0.000000 -54.432000 )
( 378.000000 0.000000 -49.896000 )
( 378.000000 0.000000 -45.360000 )
( 378.000000 0.000000 -40.824000 )
( 378.000000 0.000000 -36.288000 )
( 378.000000 0.000000 -31.752000 )
( 378.000000 0.000000 -27.216000 )
( 378.000000 0.000000 -22.680000 )
( 378.000000 0.000000 -18.144000 )
( 378.000000 0.000000 -13.608000 )
( 378.000000 0.000000 -9.072000 )
( 378.000000 0.000000 -4.536000 )
( 378.000000 0.000000 0.000000 )
( 378.000000 0.000000 4.536000 )
( 378.000000 0.000000 9.072000 )
( 378.000000 0.000000 13.608000 )
( 378.000000 0.000000 18.144000 )
( 378.000000 0.000000 22.680000 )
( 378.000000 0.000000 27.216000 )
( 378.000000 0.000000 31.752000 )
( 378.000000 0.000000 36.288000 )
( 378.000000 0.000000 40.824000 )
( 378.000000 0.000000 45.360000 )
( 378.000000 0.000000 49.896000 )
( 378.000000 0.000000 54.432000 )
( 378.000000 0.000000 58.968000 )
( 378.000000 0.000000 63.504000 )
( 378.000000 0.000000 68.040000 )
( 378.000000 0.000000 72.576000 )
( 378.000000 0.000000 77.112000 )
( 378.000000 0.000000 81.648000 )
( 378.000000 0.000000 86.184000 )
( 378.000000 0.000000 90.720000 )
( 378.000000 0.000000 95.256000 )
( 378.000000 0.000000 99.792000 )
( 378.000000 0.000000 104.328000 )
( 378.000000 0.000000 108.864000 )
( 378.000000 0.000000 113.400000 )


// Set the probes 5 downstream of the upstream turbines vertically 
( 630.000000 0.000000 -113.400000 )
( 630.000000 0.000000 -108.864000 )
( 630.000000 0.000000 -104.328000 )
( 630.000000 0.000000 -99.792000 )
( 630.000000 0.000000 -95.256000 )
( 630.000000 0.000000 -90.720000 )
( 630.000000 0.000000 -86.184000 )
( 630.000000 0.000000 -81.648000 )
( 630.000000 0.000000 -77.112000 )
( 630.000000 0.000000 -72.576000 )
( 630.000000 0.000000 -68.040000 )
( 630.000000 0.000000 -63.504000 )
( 630.000000 0.000000 -58.968000 )
( 630.000000 0.000000 -54.432000 )
( 630.000000 0.000000 -49.896000 )
( 630.000000 0.000000 -45.360000 )
( 630.000000 0.000000 -40.824000 )
( 630.000000 0.000000 -36.288000 )
( 630.000000 0.000000 -31.752000 )
( 630.000000 0.000000 -27.216000 )
( 630.000000 0.000000 -22.680000 )
( 630.000000 0.000000 -18.144000 )
( 630.000000 0.000000 -13.608000 )
( 630.000000 0.000000 -9.072000 )
( 630.000000 0.000000 -4.536000 )
( 630.000000 0.000000 0.000000 )
( 630.000000 0.000000 4.536000 )
( 630.000000 0.000000 9.072000 )
( 630.000000 0.000000 13.608000 )
( 630.000000 0.000000 18.144000 )
( 630.000000 0.000000 22.680000 )
( 630.000000 0.000000 27.216000 )
( 630.000000 0.000000 31.752000 )
( 630.000000 0.000000 36.288000 )
( 630.000000 0.000000 40.824000 )
( 630.000000 0.000000 45.360000 )
( 630.000000 0.000000 49.896000 )
( 630.000000 0.000000 54.432000 )
( 630.000000 0.000000 58.968000 )
( 630.000000 0.000000 63.504000 )
( 630.000000 0.000000 68.040000 )
( 630.000000 0.000000 72.576000 )
( 630.000000 0.000000 77.112000 )
( 630.000000 0.000000 81.648000 )
( 630.000000 0.000000 86.184000 )
( 630.000000 0.000000 90.720000 )
( 630.000000 0.000000 95.256000 )
( 630.000000 0.000000 99.792000 )
( 630.000000 0.000000 104.328000 )
( 630.000000 0.000000 108.864000 )
( 630.000000 0.000000 113.400000 )


// Set the probes 6 downstream of the upstream turbines vertically 
( 756.000000 0.000000 -113.400000 )
( 756.000000 0.000000 -108.864000 )
( 756.000000 0.000000 -104.328000 )
( 756.000000 0.000000 -99.792000 )
( 756.000000 0.000000 -95.256000 )
( 756.000000 0.000000 -90.720000 )
( 756.000000 0.000000 -86.184000 )
( 756.000000 0.000000 -81.648000 )
( 756.000000 0.000000 -77.112000 )
( 756.000000 0.000000 -72.576000 )
( 756.000000 0.000000 -68.040000 )
( 756.000000 0.000000 -63.504000 )
( 756.000000 0.000000 -58.968000 )
( 756.000000 0.000000 -54.432000 )
( 756.000000 0.000000 -49.896000 )
( 756.000000 0.000000 -45.360000 )
( 756.000000 0.000000 -40.824000 )
( 756.000000 0.000000 -36.288000 )
( 756.000000 0.000000 -31.752000 )
( 756.000000 0.000000 -27.216000 )
( 756.000000 0.000000 -22.680000 )
( 756.000000 0.000000 -18.144000 )
( 756.000000 0.000000 -13.608000 )
( 756.000000 0.000000 -9.072000 )
( 756.000000 0.000000 -4.536000 )
( 756.000000 0.000000 0.000000 )
( 756.000000 0.000000 4.536000 )
( 756.000000 0.000000 9.072000 )
( 756.000000 0.000000 13.608000 )
( 756.000000 0.000000 18.144000 )
( 756.000000 0.000000 22.680000 )
( 756.000000 0.000000 27.216000 )
( 756.000000 0.000000 31.752000 )
( 756.000000 0.000000 36.288000 )
( 756.000000 0.000000 40.824000 )
( 756.000000 0.000000 45.360000 )
( 756.000000 0.000000 49.896000 )
( 756.000000 0.000000 54.432000 )
( 756.000000 0.000000 58.968000 )
( 756.000000 0.000000 63.504000 )
( 756.000000 0.000000 68.040000 )
( 756.000000 0.000000 72.576000 )
( 756.000000 0.000000 77.112000 )
( 756.000000 0.000000 81.648000 )
( 756.000000 0.000000 86.184000 )
( 756.000000 0.000000 90.720000 )
( 756.000000 0.000000 95.256000 )
( 756.000000 0.000000 99.792000 )
( 756.000000 0.000000 104.328000 )
( 756.000000 0.000000 108.864000 )
( 756.000000 0.000000 113.400000 )


// Set the probes 7 downstream of the upstream turbines vertically 
( 882.000000 0.000000 -113.400000 )
( 882.000000 0.000000 -108.864000 )
( 882.000000 0.000000 -104.328000 )
( 882.000000 0.000000 -99.792000 )
( 882.000000 0.000000 -95.256000 )
( 882.000000 0.000000 -90.720000 )
( 882.000000 0.000000 -86.184000 )
( 882.000000 0.000000 -81.648000 )
( 882.000000 0.000000 -77.112000 )
( 882.000000 0.000000 -72.576000 )
( 882.000000 0.000000 -68.040000 )
( 882.000000 0.000000 -63.504000 )
( 882.000000 0.000000 -58.968000 )
( 882.000000 0.000000 -54.432000 )
( 882.000000 0.000000 -49.896000 )
( 882.000000 0.000000 -45.360000 )
( 882.000000 0.000000 -40.824000 )
( 882.000000 0.000000 -36.288000 )
( 882.000000 0.000000 -31.752000 )
( 882.000000 0.000000 -27.216000 )
( 882.000000 0.000000 -22.680000 )
( 882.000000 0.000000 -18.144000 )
( 882.000000 0.000000 -13.608000 )
( 882.000000 0.000000 -9.072000 )
( 882.000000 0.000000 -4.536000 )
( 882.000000 0.000000 0.000000 )
( 882.000000 0.000000 4.536000 )
( 882.000000 0.000000 9.072000 )
( 882.000000 0.000000 13.608000 )
( 882.000000 0.000000 18.144000 )
( 882.000000 0.000000 22.680000 )
( 882.000000 0.000000 27.216000 )
( 882.000000 0.000000 31.752000 )
( 882.000000 0.000000 36.288000 )
( 882.000000 0.000000 40.824000 )
( 882.000000 0.000000 45.360000 )
( 882.000000 0.000000 49.896000 )
( 882.000000 0.000000 54.432000 )
( 882.000000 0.000000 58.968000 )
( 882.000000 0.000000 63.504000 )
( 882.000000 0.000000 68.040000 )
( 882.000000 0.000000 72.576000 )
( 882.000000 0.000000 77.112000 )
( 882.000000 0.000000 81.648000 )
( 882.000000 0.000000 86.184000 )
( 882.000000 0.000000 90.720000 )
( 882.000000 0.000000 95.256000 )
( 882.000000 0.000000 99.792000 )
( 882.000000 0.000000 104.328000 )
( 882.000000 0.000000 108.864000 )
( 882.000000 0.000000 113.400000 )


// Set the probes 8 downstream of the upstream turbines vertically 
( 1008.000000 0.000000 -113.400000 )
( 1008.000000 0.000000 -108.864000 )
( 1008.000000 0.000000 -104.328000 )
( 1008.000000 0.000000 -99.792000 )
( 1008.000000 0.000000 -95.256000 )
( 1008.000000 0.000000 -90.720000 )
( 1008.000000 0.000000 -86.184000 )
( 1008.000000 0.000000 -81.648000 )
( 1008.000000 0.000000 -77.112000 )
( 1008.000000 0.000000 -72.576000 )
( 1008.000000 0.000000 -68.040000 )
( 1008.000000 0.000000 -63.504000 )
( 1008.000000 0.000000 -58.968000 )
( 1008.000000 0.000000 -54.432000 )
( 1008.000000 0.000000 -49.896000 )
( 1008.000000 0.000000 -45.360000 )
( 1008.000000 0.000000 -40.824000 )
( 1008.000000 0.000000 -36.288000 )
( 1008.000000 0.000000 -31.752000 )
( 1008.000000 0.000000 -27.216000 )
( 1008.000000 0.000000 -22.680000 )
( 1008.000000 0.000000 -18.144000 )
( 1008.000000 0.000000 -13.608000 )
( 1008.000000 0.000000 -9.072000 )
( 1008.000000 0.000000 -4.536000 )
( 1008.000000 0.000000 0.000000 )
( 1008.000000 0.000000 4.536000 )
( 1008.000000 0.000000 9.072000 )
( 1008.000000 0.000000 13.608000 )
( 1008.000000 0.000000 18.144000 )
( 1008.000000 0.000000 22.680000 )
( 1008.000000 0.000000 27.216000 )
( 1008.000000 0.000000 31.752000 )
( 1008.000000 0.000000 36.288000 )
( 1008.000000 0.000000 40.824000 )
( 1008.000000 0.000000 45.360000 )
( 1008.000000 0.000000 49.896000 )
( 1008.000000 0.000000 54.432000 )
( 1008.000000 0.000000 58.968000 )
( 1008.000000 0.000000 63.504000 )
( 1008.000000 0.000000 68.040000 )
( 1008.000000 0.000000 72.576000 )
( 1008.000000 0.000000 77.112000 )
( 1008.000000 0.000000 81.648000 )
( 1008.000000 0.000000 86.184000 )
( 1008.000000 0.000000 90.720000 )
( 1008.000000 0.000000 95.256000 )
( 1008.000000 0.000000 99.792000 )
( 1008.000000 0.000000 104.328000 )
( 1008.000000 0.000000 108.864000 )
( 1008.000000 0.000000 113.400000 )


// Set the probes -2 downstream of the upstream turbines horizontally 
( -252.000000 -113.400000 0.000000 )
( -252.000000 -108.864000 0.000000 )
( -252.000000 -104.328000 0.000000 )
( -252.000000 -99.792000 0.000000 )
( -252.000000 -95.256000 0.000000 )
( -252.000000 -90.720000 0.000000 )
( -252.000000 -86.184000 0.000000 )
( -252.000000 -81.648000 0.000000 )
( -252.000000 -77.112000 0.000000 )
( -252.000000 -72.576000 0.000000 )
( -252.000000 -68.040000 0.000000 )
( -252.000000 -63.504000 0.000000 )
( -252.000000 -58.968000 0.000000 )
( -252.000000 -54.432000 0.000000 )
( -252.000000 -49.896000 0.000000 )
( -252.000000 -45.360000 0.000000 )
( -252.000000 -40.824000 0.000000 )
( -252.000000 -36.288000 0.000000 )
( -252.000000 -31.752000 0.000000 )
( -252.000000 -27.216000 0.000000 )
( -252.000000 -22.680000 0.000000 )
( -252.000000 -18.144000 0.000000 )
( -252.000000 -13.608000 0.000000 )
( -252.000000 -9.072000 0.000000 )
( -252.000000 -4.536000 0.000000 )
( -252.000000 0.000000 0.000000 )
( -252.000000 4.536000 0.000000 )
( -252.000000 9.072000 0.000000 )
( -252.000000 13.608000 0.000000 )
( -252.000000 18.144000 0.000000 )
( -252.000000 22.680000 0.000000 )
( -252.000000 27.216000 0.000000 )
( -252.000000 31.752000 0.000000 )
( -252.000000 36.288000 0.000000 )
( -252.000000 40.824000 0.000000 )
( -252.000000 45.360000 0.000000 )
( -252.000000 49.896000 0.000000 )
( -252.000000 54.432000 0.000000 )
( -252.000000 58.968000 0.000000 )
( -252.000000 63.504000 0.000000 )
( -252.000000 68.040000 0.000000 )
( -252.000000 72.576000 0.000000 )
( -252.000000 77.112000 0.000000 )
( -252.000000 81.648000 0.000000 )
( -252.000000 86.184000 0.000000 )
( -252.000000 90.720000 0.000000 )
( -252.000000 95.256000 0.000000 )
( -252.000000 99.792000 0.000000 )
( -252.000000 104.328000 0.000000 )
( -252.000000 108.864000 0.000000 )
( -252.000000 113.400000 0.000000 )


// Set the probes -1 downstream of the upstream turbines horizontally 
( -126.000000 -113.400000 0.000000 )
( -126.000000 -108.864000 0.000000 )
( -126.000000 -104.328000 0.000000 )
( -126.000000 -99.792000 0.000000 )
( -126.000000 -95.256000 0.000000 )
( -126.000000 -90.720000 0.000000 )
( -126.000000 -86.184000 0.000000 )
( -126.000000 -81.648000 0.000000 )
( -126.000000 -77.112000 0.000000 )
( -126.000000 -72.576000 0.000000 )
( -126.000000 -68.040000 0.000000 )
( -126.000000 -63.504000 0.000000 )
( -126.000000 -58.968000 0.000000 )
( -126.000000 -54.432000 0.000000 )
( -126.000000 -49.896000 0.000000 )
( -126.000000 -45.360000 0.000000 )
( -126.000000 -40.824000 0.000000 )
( -126.000000 -36.288000 0.000000 )
( -126.000000 -31.752000 0.000000 )
( -126.000000 -27.216000 0.000000 )
( -126.000000 -22.680000 0.000000 )
( -126.000000 -18.144000 0.000000 )
( -126.000000 -13.608000 0.000000 )
( -126.000000 -9.072000 0.000000 )
( -126.000000 -4.536000 0.000000 )
( -126.000000 0.000000 0.000000 )
( -126.000000 4.536000 0.000000 )
( -126.000000 9.072000 0.000000 )
( -126.000000 13.608000 0.000000 )
( -126.000000 18.144000 0.000000 )
( -126.000000 22.680000 0.000000 )
( -126.000000 27.216000 0.000000 )
( -126.000000 31.752000 0.000000 )
( -126.000000 36.288000 0.000000 )
( -126.000000 40.824000 0.000000 )
( -126.000000 45.360000 0.000000 )
( -126.000000 49.896000 0.000000 )
( -126.000000 54.432000 0.000000 )
( -126.000000 58.968000 0.000000 )
( -126.000000 63.504000 0.000000 )
( -126.000000 68.040000 0.000000 )
( -126.000000 72.576000 0.000000 )
( -126.000000 77.112000 0.000000 )
( -126.000000 81.648000 0.000000 )
( -126.000000 86.184000 0.000000 )
( -126.000000 90.720000 0.000000 )
( -126.000000 95.256000 0.000000 )
( -126.000000 99.792000 0.000000 )
( -126.000000 104.328000 0.000000 )
( -126.000000 108.864000 0.000000 )
( -126.000000 113.400000 0.000000 )


// Set the probes 0 downstream of the upstream turbines horizontally 
( 0.000000 -113.400000 0.000000 )
( 0.000000 -108.864000 0.000000 )
( 0.000000 -104.328000 0.000000 )
( 0.000000 -99.792000 0.000000 )
( 0.000000 -95.256000 0.000000 )
( 0.000000 -90.720000 0.000000 )
( 0.000000 -86.184000 0.000000 )
( 0.000000 -81.648000 0.000000 )
( 0.000000 -77.112000 0.000000 )
( 0.000000 -72.576000 0.000000 )
( 0.000000 -68.040000 0.000000 )
( 0.000000 -63.504000 0.000000 )
( 0.000000 -58.968000 0.000000 )
( 0.000000 -54.432000 0.000000 )
( 0.000000 -49.896000 0.000000 )
( 0.000000 -45.360000 0.000000 )
( 0.000000 -40.824000 0.000000 )
( 0.000000 -36.288000 0.000000 )
( 0.000000 -31.752000 0.000000 )
( 0.000000 -27.216000 0.000000 )
( 0.000000 -22.680000 0.000000 )
( 0.000000 -18.144000 0.000000 )
( 0.000000 -13.608000 0.000000 )
( 0.000000 -9.072000 0.000000 )
( 0.000000 -4.536000 0.000000 )
( 0.000000 0.000000 0.000000 )
( 0.000000 4.536000 0.000000 )
( 0.000000 9.072000 0.000000 )
( 0.000000 13.608000 0.000000 )
( 0.000000 18.144000 0.000000 )
( 0.000000 22.680000 0.000000 )
( 0.000000 27.216000 0.000000 )
( 0.000000 31.752000 0.000000 )
( 0.000000 36.288000 0.000000 )
( 0.000000 40.824000 0.000000 )
( 0.000000 45.360000 0.000000 )
( 0.000000 49.896000 0.000000 )
( 0.000000 54.432000 0.000000 )
( 0.000000 58.968000 0.000000 )
( 0.000000 63.504000 0.000000 )
( 0.000000 68.040000 0.000000 )
( 0.000000 72.576000 0.000000 )
( 0.000000 77.112000 0.000000 )
( 0.000000 81.648000 0.000000 )
( 0.000000 86.184000 0.000000 )
( 0.000000 90.720000 0.000000 )
( 0.000000 95.256000 0.000000 )
( 0.000000 99.792000 0.000000 )
( 0.000000 104.328000 0.000000 )
( 0.000000 108.864000 0.000000 )
( 0.000000 113.400000 0.000000 )


// Set the probes 2 downstream of the upstream turbines horizontally 
( 252.000000 -113.400000 0.000000 )
( 252.000000 -108.864000 0.000000 )
( 252.000000 -104.328000 0.000000 )
( 252.000000 -99.792000 0.000000 )
( 252.000000 -95.256000 0.000000 )
( 252.000000 -90.720000 0.000000 )
( 252.000000 -86.184000 0.000000 )
( 252.000000 -81.648000 0.000000 )
( 252.000000 -77.112000 0.000000 )
( 252.000000 -72.576000 0.000000 )
( 252.000000 -68.040000 0.000000 )
( 252.000000 -63.504000 0.000000 )
( 252.000000 -58.968000 0.000000 )
( 252.000000 -54.432000 0.000000 )
( 252.000000 -49.896000 0.000000 )
( 252.000000 -45.360000 0.000000 )
( 252.000000 -40.824000 0.000000 )
( 252.000000 -36.288000 0.000000 )
( 252.000000 -31.752000 0.000000 )
( 252.000000 -27.216000 0.000000 )
( 252.000000 -22.680000 0.000000 )
( 252.000000 -18.144000 0.000000 )
( 252.000000 -13.608000 0.000000 )
( 252.000000 -9.072000 0.000000 )
( 252.000000 -4.536000 0.000000 )
( 252.000000 0.000000 0.000000 )
( 252.000000 4.536000 0.000000 )
( 252.000000 9.072000 0.000000 )
( 252.000000 13.608000 0.000000 )
( 252.000000 18.144000 0.000000 )
( 252.000000 22.680000 0.000000 )
( 252.000000 27.216000 0.000000 )
( 252.000000 31.752000 0.000000 )
( 252.000000 36.288000 0.000000 )
( 252.000000 40.824000 0.000000 )
( 252.000000 45.360000 0.000000 )
( 252.000000 49.896000 0.000000 )
( 252.000000 54.432000 0.000000 )
( 252.000000 58.968000 0.000000 )
( 252.000000 63.504000 0.000000 )
( 252.000000 68.040000 0.000000 )
( 252.000000 72.576000 0.000000 )
( 252.000000 77.112000 0.000000 )
( 252.000000 81.648000 0.000000 )
( 252.000000 86.184000 0.000000 )
( 252.000000 90.720000 0.000000 )
( 252.000000 95.256000 0.000000 )
( 252.000000 99.792000 0.000000 )
( 252.000000 104.328000 0.000000 )
( 252.000000 108.864000 0.000000 )
( 252.000000 113.400000 0.000000 )


// Set the probes 3 downstream of the upstream turbines horizontally 
( 378.000000 -113.400000 0.000000 )
( 378.000000 -108.864000 0.000000 )
( 378.000000 -104.328000 0.000000 )
( 378.000000 -99.792000 0.000000 )
( 378.000000 -95.256000 0.000000 )
( 378.000000 -90.720000 0.000000 )
( 378.000000 -86.184000 0.000000 )
( 378.000000 -81.648000 0.000000 )
( 378.000000 -77.112000 0.000000 )
( 378.000000 -72.576000 0.000000 )
( 378.000000 -68.040000 0.000000 )
( 378.000000 -63.504000 0.000000 )
( 378.000000 -58.968000 0.000000 )
( 378.000000 -54.432000 0.000000 )
( 378.000000 -49.896000 0.000000 )
( 378.000000 -45.360000 0.000000 )
( 378.000000 -40.824000 0.000000 )
( 378.000000 -36.288000 0.000000 )
( 378.000000 -31.752000 0.000000 )
( 378.000000 -27.216000 0.000000 )
( 378.000000 -22.680000 0.000000 )
( 378.000000 -18.144000 0.000000 )
( 378.000000 -13.608000 0.000000 )
( 378.000000 -9.072000 0.000000 )
( 378.000000 -4.536000 0.000000 )
( 378.000000 0.000000 0.000000 )
( 378.000000 4.536000 0.000000 )
( 378.000000 9.072000 0.000000 )
( 378.000000 13.608000 0.000000 )
( 378.000000 18.144000 0.000000 )
( 378.000000 22.680000 0.000000 )
( 378.000000 27.216000 0.000000 )
( 378.000000 31.752000 0.000000 )
( 378.000000 36.288000 0.000000 )
( 378.000000 40.824000 0.000000 )
( 378.000000 45.360000 0.000000 )
( 378.000000 49.896000 0.000000 )
( 378.000000 54.432000 0.000000 )
( 378.000000 58.968000 0.000000 )
( 378.000000 63.504000 0.000000 )
( 378.000000 68.040000 0.000000 )
( 378.000000 72.576000 0.000000 )
( 378.000000 77.112000 0.000000 )
( 378.000000 81.648000 0.000000 )
( 378.000000 86.184000 0.000000 )
( 378.000000 90.720000 0.000000 )
( 378.000000 95.256000 0.000000 )
( 378.000000 99.792000 0.000000 )
( 378.000000 104.328000 0.000000 )
( 378.000000 108.864000 0.000000 )
( 378.000000 113.400000 0.000000 )


// Set the probes 5 downstream of the upstream turbines horizontally 
( 630.000000 -113.400000 0.000000 )
( 630.000000 -108.864000 0.000000 )
( 630.000000 -104.328000 0.000000 )
( 630.000000 -99.792000 0.000000 )
( 630.000000 -95.256000 0.000000 )
( 630.000000 -90.720000 0.000000 )
( 630.000000 -86.184000 0.000000 )
( 630.000000 -81.648000 0.000000 )
( 630.000000 -77.112000 0.000000 )
( 630.000000 -72.576000 0.000000 )
( 630.000000 -68.040000 0.000000 )
( 630.000000 -63.504000 0.000000 )
( 630.000000 -58.968000 0.000000 )
( 630.000000 -54.432000 0.000000 )
( 630.000000 -49.896000 0.000000 )
( 630.000000 -45.360000 0.000000 )
( 630.000000 -40.824000 0.000000 )
( 630.000000 -36.288000 0.000000 )
( 630.000000 -31.752000 0.000000 )
( 630.000000 -27.216000 0.000000 )
( 630.000000 -22.680000 0.000000 )
( 630.000000 -18.144000 0.000000 )
( 630.000000 -13.608000 0.000000 )
( 630.000000 -9.072000 0.000000 )
( 630.000000 -4.536000 0.000000 )
( 630.000000 0.000000 0.000000 )
( 630.000000 4.536000 0.000000 )
( 630.000000 9.072000 0.000000 )
( 630.000000 13.608000 0.000000 )
( 630.000000 18.144000 0.000000 )
( 630.000000 22.680000 0.000000 )
( 630.000000 27.216000 0.000000 )
( 630.000000 31.752000 0.000000 )
( 630.000000 36.288000 0.000000 )
( 630.000000 40.824000 0.000000 )
( 630.000000 45.360000 0.000000 )
( 630.000000 49.896000 0.000000 )
( 630.000000 54.432000 0.000000 )
( 630.000000 58.968000 0.000000 )
( 630.000000 63.504000 0.000000 )
( 630.000000 68.040000 0.000000 )
( 630.000000 72.576000 0.000000 )
( 630.000000 77.112000 0.000000 )
( 630.000000 81.648000 0.000000 )
( 630.000000 86.184000 0.000000 )
( 630.000000 90.720000 0.000000 )
( 630.000000 95.256000 0.000000 )
( 630.000000 99.792000 0.000000 )
( 630.000000 104.328000 0.000000 )
( 630.000000 108.864000 0.000000 )
( 630.000000 113.400000 0.000000 )


// Set the probes 6 downstream of the upstream turbines horizontally 
( 756.000000 -113.400000 0.000000 )
( 756.000000 -108.864000 0.000000 )
( 756.000000 -104.328000 0.000000 )
( 756.000000 -99.792000 0.000000 )
( 756.000000 -95.256000 0.000000 )
( 756.000000 -90.720000 0.000000 )
( 756.000000 -86.184000 0.000000 )
( 756.000000 -81.648000 0.000000 )
( 756.000000 -77.112000 0.000000 )
( 756.000000 -72.576000 0.000000 )
( 756.000000 -68.040000 0.000000 )
( 756.000000 -63.504000 0.000000 )
( 756.000000 -58.968000 0.000000 )
( 756.000000 -54.432000 0.000000 )
( 756.000000 -49.896000 0.000000 )
( 756.000000 -45.360000 0.000000 )
( 756.000000 -40.824000 0.000000 )
( 756.000000 -36.288000 0.000000 )
( 756.000000 -31.752000 0.000000 )
( 756.000000 -27.216000 0.000000 )
( 756.000000 -22.680000 0.000000 )
( 756.000000 -18.144000 0.000000 )
( 756.000000 -13.608000 0.000000 )
( 756.000000 -9.072000 0.000000 )
( 756.000000 -4.536000 0.000000 )
( 756.000000 0.000000 0.000000 )
( 756.000000 4.536000 0.000000 )
( 756.000000 9.072000 0.000000 )
( 756.000000 13.608000 0.000000 )
( 756.000000 18.144000 0.000000 )
( 756.000000 22.680000 0.000000 )
( 756.000000 27.216000 0.000000 )
( 756.000000 31.752000 0.000000 )
( 756.000000 36.288000 0.000000 )
( 756.000000 40.824000 0.000000 )
( 756.000000 45.360000 0.000000 )
( 756.000000 49.896000 0.000000 )
( 756.000000 54.432000 0.000000 )
( 756.000000 58.968000 0.000000 )
( 756.000000 63.504000 0.000000 )
( 756.000000 68.040000 0.000000 )
( 756.000000 72.576000 0.000000 )
( 756.000000 77.112000 0.000000 )
( 756.000000 81.648000 0.000000 )
( 756.000000 86.184000 0.000000 )
( 756.000000 90.720000 0.000000 )
( 756.000000 95.256000 0.000000 )
( 756.000000 99.792000 0.000000 )
( 756.000000 104.328000 0.000000 )
( 756.000000 108.864000 0.000000 )
( 756.000000 113.400000 0.000000 )


// Set the probes 7 downstream of the upstream turbines horizontally 
( 882.000000 -113.400000 0.000000 )
( 882.000000 -108.864000 0.000000 )
( 882.000000 -104.328000 0.000000 )
( 882.000000 -99.792000 0.000000 )
( 882.000000 -95.256000 0.000000 )
( 882.000000 -90.720000 0.000000 )
( 882.000000 -86.184000 0.000000 )
( 882.000000 -81.648000 0.000000 )
( 882.000000 -77.112000 0.000000 )
( 882.000000 -72.576000 0.000000 )
( 882.000000 -68.040000 0.000000 )
( 882.000000 -63.504000 0.000000 )
( 882.000000 -58.968000 0.000000 )
( 882.000000 -54.432000 0.000000 )
( 882.000000 -49.896000 0.000000 )
( 882.000000 -45.360000 0.000000 )
( 882.000000 -40.824000 0.000000 )
( 882.000000 -36.288000 0.000000 )
( 882.000000 -31.752000 0.000000 )
( 882.000000 -27.216000 0.000000 )
( 882.000000 -22.680000 0.000000 )
( 882.000000 -18.144000 0.000000 )
( 882.000000 -13.608000 0.000000 )
( 882.000000 -9.072000 0.000000 )
( 882.000000 -4.536000 0.000000 )
( 882.000000 0.000000 0.000000 )
( 882.000000 4.536000 0.000000 )
( 882.000000 9.072000 0.000000 )
( 882.000000 13.608000 0.000000 )
( 882.000000 18.144000 0.000000 )
( 882.000000 22.680000 0.000000 )
( 882.000000 27.216000 0.000000 )
( 882.000000 31.752000 0.000000 )
( 882.000000 36.288000 0.000000 )
( 882.000000 40.824000 0.000000 )
( 882.000000 45.360000 0.000000 )
( 882.000000 49.896000 0.000000 )
( 882.000000 54.432000 0.000000 )
( 882.000000 58.968000 0.000000 )
( 882.000000 63.504000 0.000000 )
( 882.000000 68.040000 0.000000 )
( 882.000000 72.576000 0.000000 )
( 882.000000 77.112000 0.000000 )
( 882.000000 81.648000 0.000000 )
( 882.000000 86.184000 0.000000 )
( 882.000000 90.720000 0.000000 )
( 882.000000 95.256000 0.000000 )
( 882.000000 99.792000 0.000000 )
( 882.000000 104.328000 0.000000 )
( 882.000000 108.864000 0.000000 )
( 882.000000 113.400000 0.000000 )


// Set the probes 8 downstream of the upstream turbines horizontally 
( 1008.000000 -113.400000 0.000000 )
( 1008.000000 -108.864000 0.000000 )
( 1008.000000 -104.328000 0.000000 )
( 1008.000000 -99.792000 0.000000 )
( 1008.000000 -95.256000 0.000000 )
( 1008.000000 -90.720000 0.000000 )
( 1008.000000 -86.184000 0.000000 )
( 1008.000000 -81.648000 0.000000 )
( 1008.000000 -77.112000 0.000000 )
( 1008.000000 -72.576000 0.000000 )
( 1008.000000 -68.040000 0.000000 )
( 1008.000000 -63.504000 0.000000 )
( 1008.000000 -58.968000 0.000000 )
( 1008.000000 -54.432000 0.000000 )
( 1008.000000 -49.896000 0.000000 )
( 1008.000000 -45.360000 0.000000 )
( 1008.000000 -40.824000 0.000000 )
( 1008.000000 -36.288000 0.000000 )
( 1008.000000 -31.752000 0.000000 )
( 1008.000000 -27.216000 0.000000 )
( 1008.000000 -22.680000 0.000000 )
( 1008.000000 -18.144000 0.000000 )
( 1008.000000 -13.608000 0.000000 )
( 1008.000000 -9.072000 0.000000 )
( 1008.000000 -4.536000 0.000000 )
( 1008.000000 0.000000 0.000000 )
( 1008.000000 4.536000 0.000000 )
( 1008.000000 9.072000 0.000000 )
( 1008.000000 13.608000 0.000000 )
( 1008.000000 18.144000 0.000000 )
( 1008.000000 22.680000 0.000000 )
( 1008.000000 27.216000 0.000000 )
( 1008.000000 31.752000 0.000000 )
( 1008.000000 36.288000 0.000000 )
( 1008.000000 40.824000 0.000000 )
( 1008.000000 45.360000 0.000000 )
( 1008.000000 49.896000 0.000000 )
( 1008.000000 54.432000 0.000000 )
( 1008.000000 58.968000 0.000000 )
( 1008.000000 63.504000 0.000000 )
( 1008.000000 68.040000 0.000000 )
( 1008.000000 72.576000 0.000000 )
( 1008.000000 77.112000 0.000000 )
( 1008.000000 81.648000 0.000000 )
( 1008.000000 86.184000 0.000000 )
( 1008.000000 90.720000 0.000000 )
( 1008.000000 95.256000 0.000000 )
( 1008.000000 99.792000 0.000000 )
( 1008.000000 104.328000 0.000000 )
( 1008.000000 108.864000 0.000000 )
( 1008.000000 113.400000 0.000000 )




