// Polars table of section_11 for NREL 5MW 
// AOA    Cl    Cd 
(-180.000000 0.000000 0.040700)
(-179.500000 0.022300 0.041700)
(-179.000000 0.044600 0.042700)
(-178.500000 0.066900 0.043700)
(-178.000000 0.089200 0.044700)
(-177.500000 0.111500 0.045700)
(-177.000000 0.133800 0.046700)
(-176.500000 0.156100 0.047700)
(-176.000000 0.178400 0.048700)
(-175.500000 0.200700 0.049700)
(-175.000000 0.223000 0.050700)
(-174.500000 0.241200 0.056180)
(-174.000000 0.259400 0.061660)
(-173.500000 0.277600 0.067140)
(-173.000000 0.295800 0.072620)
(-172.500000 0.314000 0.078100)
(-172.000000 0.332200 0.083580)
(-171.500000 0.350400 0.089060)
(-171.000000 0.368600 0.094540)
(-170.500000 0.386800 0.100020)
(-170.000000 0.405000 0.105500)
(-169.500000 0.417650 0.115135)
(-169.000000 0.430300 0.124770)
(-168.500000 0.442950 0.134405)
(-168.000000 0.455600 0.144040)
(-167.500000 0.468250 0.153675)
(-167.000000 0.480900 0.163310)
(-166.500000 0.493550 0.172945)
(-166.000000 0.506200 0.182580)
(-165.500000 0.518850 0.192215)
(-165.000000 0.531500 0.201850)
(-164.500000 0.544150 0.211485)
(-164.000000 0.556800 0.221120)
(-163.500000 0.569450 0.230755)
(-163.000000 0.582100 0.240390)
(-162.500000 0.594750 0.250025)
(-162.000000 0.607400 0.259660)
(-161.500000 0.620050 0.269295)
(-161.000000 0.632700 0.278930)
(-160.500000 0.645350 0.288565)
(-160.000000 0.658000 0.298200)
(-159.500000 0.665500 0.309590)
(-159.000000 0.673000 0.320980)
(-158.500000 0.680500 0.332370)
(-158.000000 0.688000 0.343760)
(-157.500000 0.695500 0.355150)
(-157.000000 0.703000 0.366540)
(-156.500000 0.710500 0.377930)
(-156.000000 0.718000 0.389320)
(-155.500000 0.725500 0.400710)
(-155.000000 0.733000 0.412100)
(-154.500000 0.737500 0.423970)
(-154.000000 0.742000 0.435840)
(-153.500000 0.746500 0.447710)
(-153.000000 0.751000 0.459580)
(-152.500000 0.755500 0.471450)
(-152.000000 0.760000 0.483320)
(-151.500000 0.764500 0.495190)
(-151.000000 0.769000 0.507060)
(-150.500000 0.773500 0.518930)
(-150.000000 0.778000 0.530800)
(-149.500000 0.779700 0.542750)
(-149.000000 0.781400 0.554700)
(-148.500000 0.783100 0.566650)
(-148.000000 0.784800 0.578600)
(-147.500000 0.786500 0.590550)
(-147.000000 0.788200 0.602500)
(-146.500000 0.789900 0.614450)
(-146.000000 0.791600 0.626400)
(-145.500000 0.793300 0.638350)
(-145.000000 0.795000 0.650300)
(-144.500000 0.794200 0.661990)
(-144.000000 0.793400 0.673680)
(-143.500000 0.792600 0.685370)
(-143.000000 0.791800 0.697060)
(-142.500000 0.791000 0.708750)
(-142.000000 0.790200 0.720440)
(-141.500000 0.789400 0.732130)
(-141.000000 0.788600 0.743820)
(-140.500000 0.787800 0.755510)
(-140.000000 0.787000 0.767200)
(-139.500000 0.784000 0.778330)
(-139.000000 0.781000 0.789460)
(-138.500000 0.778000 0.800590)
(-138.000000 0.775000 0.811720)
(-137.500000 0.772000 0.822850)
(-137.000000 0.769000 0.833980)
(-136.500000 0.766000 0.845110)
(-136.000000 0.763000 0.856240)
(-135.500000 0.760000 0.867370)
(-135.000000 0.757000 0.878500)
(-134.500000 0.752100 0.888840)
(-134.000000 0.747200 0.899180)
(-133.500000 0.742300 0.909520)
(-133.000000 0.737400 0.919860)
(-132.500000 0.732500 0.930200)
(-132.000000 0.727600 0.940540)
(-131.500000 0.722700 0.950880)
(-131.000000 0.717800 0.961220)
(-130.500000 0.712900 0.971560)
(-130.000000 0.708000 0.981900)
(-129.500000 0.701300 0.991270)
(-129.000000 0.694600 1.000640)
(-128.500000 0.687900 1.010010)
(-128.000000 0.681200 1.019380)
(-127.500000 0.674500 1.028750)
(-127.000000 0.667800 1.038120)
(-126.500000 0.661100 1.047490)
(-126.000000 0.654400 1.056860)
(-125.500000 0.647700 1.066230)
(-125.000000 0.641000 1.075600)
(-124.500000 0.632900 1.083840)
(-124.000000 0.624800 1.092080)
(-123.500000 0.616700 1.100320)
(-123.000000 0.608600 1.108560)
(-122.500000 0.600500 1.116800)
(-122.000000 0.592400 1.125040)
(-121.500000 0.584300 1.133280)
(-121.000000 0.576200 1.141520)
(-120.500000 0.568100 1.149760)
(-120.000000 0.560000 1.158000)
(-119.500000 0.550700 1.165000)
(-119.000000 0.541400 1.172000)
(-118.500000 0.532100 1.179000)
(-118.000000 0.522800 1.186000)
(-117.500000 0.513500 1.193000)
(-117.000000 0.504200 1.200000)
(-116.500000 0.494900 1.207000)
(-116.000000 0.485600 1.214000)
(-115.500000 0.476300 1.221000)
(-115.000000 0.467000 1.228000)
(-114.500000 0.456800 1.233670)
(-114.000000 0.446600 1.239340)
(-113.500000 0.436400 1.245010)
(-113.000000 0.426200 1.250680)
(-112.500000 0.416000 1.256350)
(-112.000000 0.405800 1.262020)
(-111.500000 0.395600 1.267690)
(-111.000000 0.385400 1.273360)
(-110.500000 0.375200 1.279030)
(-110.000000 0.365000 1.284700)
(-109.500000 0.354000 1.288970)
(-109.000000 0.343000 1.293240)
(-108.500000 0.332000 1.297510)
(-108.000000 0.321000 1.301780)
(-107.500000 0.310000 1.306050)
(-107.000000 0.299000 1.310320)
(-106.500000 0.288000 1.314590)
(-106.000000 0.277000 1.318860)
(-105.500000 0.266000 1.323130)
(-105.000000 0.255000 1.327400)
(-104.500000 0.243400 1.330230)
(-104.000000 0.231800 1.333060)
(-103.500000 0.220200 1.335890)
(-103.000000 0.208600 1.338720)
(-102.500000 0.197000 1.341550)
(-102.000000 0.185400 1.344380)
(-101.500000 0.173800 1.347210)
(-101.000000 0.162200 1.350040)
(-100.500000 0.150600 1.352870)
(-100.000000 0.139000 1.355700)
(-99.500000 0.127200 1.357050)
(-99.000000 0.115400 1.358400)
(-98.500000 0.103600 1.359750)
(-98.000000 0.091800 1.361100)
(-97.500000 0.080000 1.362450)
(-97.000000 0.068200 1.363800)
(-96.500000 0.056400 1.365150)
(-96.000000 0.044600 1.366500)
(-95.500000 0.032800 1.367850)
(-95.000000 0.021000 1.369200)
(-94.500000 0.009100 1.369080)
(-94.000000 -0.002800 1.368960)
(-93.500000 -0.014700 1.368840)
(-93.000000 -0.026600 1.368720)
(-92.500000 -0.038500 1.368600)
(-92.000000 -0.050400 1.368480)
(-91.500000 -0.062300 1.368360)
(-91.000000 -0.074200 1.368240)
(-90.500000 -0.086100 1.368120)
(-90.000000 -0.098000 1.368000)
(-89.500000 -0.109800 1.366410)
(-89.000000 -0.121600 1.364820)
(-88.500000 -0.133400 1.363230)
(-88.000000 -0.145200 1.361640)
(-87.500000 -0.157000 1.360050)
(-87.000000 -0.168800 1.358460)
(-86.500000 -0.180600 1.356870)
(-86.000000 -0.192400 1.355280)
(-85.500000 -0.204200 1.353690)
(-85.000000 -0.216000 1.352100)
(-84.500000 -0.227500 1.349070)
(-84.000000 -0.239000 1.346040)
(-83.500000 -0.250500 1.343010)
(-83.000000 -0.262000 1.339980)
(-82.500000 -0.273500 1.336950)
(-82.000000 -0.285000 1.333920)
(-81.500000 -0.296500 1.330890)
(-81.000000 -0.308000 1.327860)
(-80.500000 -0.319500 1.324830)
(-80.000000 -0.331000 1.321800)
(-79.500000 -0.342000 1.317350)
(-79.000000 -0.353000 1.312900)
(-78.500000 -0.364000 1.308450)
(-78.000000 -0.375000 1.304000)
(-77.500000 -0.386000 1.299550)
(-77.000000 -0.397000 1.295100)
(-76.500000 -0.408000 1.290650)
(-76.000000 -0.419000 1.286200)
(-75.500000 -0.430000 1.281750)
(-75.000000 -0.441000 1.277300)
(-74.500000 -0.451300 1.271500)
(-74.000000 -0.461600 1.265700)
(-73.500000 -0.471900 1.259900)
(-73.000000 -0.482200 1.254100)
(-72.500000 -0.492500 1.248300)
(-72.000000 -0.502800 1.242500)
(-71.500000 -0.513100 1.236700)
(-71.000000 -0.523400 1.230900)
(-70.500000 -0.533700 1.225100)
(-70.000000 -0.544000 1.219300)
(-69.500000 -0.553400 1.212230)
(-69.000000 -0.562800 1.205160)
(-68.500000 -0.572200 1.198090)
(-68.000000 -0.581600 1.191020)
(-67.500000 -0.591000 1.183950)
(-67.000000 -0.600400 1.176880)
(-66.500000 -0.609800 1.169810)
(-66.000000 -0.619200 1.162740)
(-65.500000 -0.628600 1.155670)
(-65.000000 -0.638000 1.148600)
(-64.500000 -0.646200 1.140340)
(-64.000000 -0.654400 1.132080)
(-63.500000 -0.662600 1.123820)
(-63.000000 -0.670800 1.115560)
(-62.500000 -0.679000 1.107300)
(-62.000000 -0.687200 1.099040)
(-61.500000 -0.695400 1.090780)
(-61.000000 -0.703600 1.082520)
(-60.500000 -0.711800 1.074260)
(-60.000000 -0.720000 1.066000)
(-59.500000 -0.726800 1.056680)
(-59.000000 -0.733600 1.047360)
(-58.500000 -0.740400 1.038040)
(-58.000000 -0.747200 1.028720)
(-57.500000 -0.754000 1.019400)
(-57.000000 -0.760800 1.010080)
(-56.500000 -0.767600 1.000760)
(-56.000000 -0.774400 0.991440)
(-55.500000 -0.781200 0.982120)
(-55.000000 -0.788000 0.972800)
(-54.500000 -0.793200 0.962570)
(-54.000000 -0.798400 0.952340)
(-53.500000 -0.803600 0.942110)
(-53.000000 -0.808800 0.931880)
(-52.500000 -0.814000 0.921650)
(-52.000000 -0.819200 0.911420)
(-51.500000 -0.824400 0.901190)
(-51.000000 -0.829600 0.890960)
(-50.500000 -0.834800 0.880730)
(-50.000000 -0.840000 0.870500)
(-49.500000 -0.843500 0.859560)
(-49.000000 -0.847000 0.848620)
(-48.500000 -0.850500 0.837680)
(-48.000000 -0.854000 0.826740)
(-47.500000 -0.857500 0.815800)
(-47.000000 -0.861000 0.804860)
(-46.500000 -0.864500 0.793920)
(-46.000000 -0.868000 0.782980)
(-45.500000 -0.871500 0.772040)
(-45.000000 -0.875000 0.761100)
(-44.500000 -0.876400 0.749650)
(-44.000000 -0.877800 0.738200)
(-43.500000 -0.879200 0.726750)
(-43.000000 -0.880600 0.715300)
(-42.500000 -0.882000 0.703850)
(-42.000000 -0.883400 0.692400)
(-41.500000 -0.884800 0.680950)
(-41.000000 -0.886200 0.669500)
(-40.500000 -0.887600 0.658050)
(-40.000000 -0.889000 0.646600)
(-39.500000 -0.888100 0.634930)
(-39.000000 -0.887200 0.623260)
(-38.500000 -0.886300 0.611590)
(-38.000000 -0.885400 0.599920)
(-37.500000 -0.884500 0.588250)
(-37.000000 -0.883600 0.576580)
(-36.500000 -0.882700 0.564910)
(-36.000000 -0.881800 0.553240)
(-35.500000 -0.880900 0.541570)
(-35.000000 -0.880000 0.529900)
(-34.500000 -0.876600 0.518320)
(-34.000000 -0.873200 0.506740)
(-33.500000 -0.869800 0.495160)
(-33.000000 -0.866400 0.483580)
(-32.500000 -0.863000 0.472000)
(-32.000000 -0.859600 0.460420)
(-31.500000 -0.856200 0.448840)
(-31.000000 -0.852800 0.437260)
(-30.500000 -0.849400 0.425680)
(-30.000000 -0.846000 0.414100)
(-29.500000 -0.839800 0.402990)
(-29.000000 -0.833600 0.391880)
(-28.500000 -0.827400 0.380770)
(-28.000000 -0.821200 0.369660)
(-27.500000 -0.815000 0.358550)
(-27.000000 -0.808800 0.347440)
(-26.500000 -0.802600 0.336330)
(-26.000000 -0.796400 0.325220)
(-25.500000 -0.790200 0.314110)
(-25.000000 -0.784000 0.303000)
(-24.500000 -0.776000 0.292350)
(-24.000000 -0.768000 0.281700)
(-23.500000 -0.759500 0.271250)
(-23.000000 -0.751000 0.260800)
(-22.500000 -0.742000 0.250600)
(-22.000000 -0.733000 0.240400)
(-21.500000 -0.723500 0.230450)
(-21.000000 -0.714000 0.220500)
(-20.500000 -0.703500 0.210800)
(-20.000000 -0.693000 0.201100)
(-19.500000 -0.682000 0.191650)
(-19.000000 -0.671000 0.182200)
(-18.500000 -0.659500 0.173100)
(-18.000000 -0.648000 0.164000)
(-17.500000 -0.636000 0.155250)
(-17.000000 -0.624000 0.146500)
(-16.500000 -0.612500 0.138250)
(-16.000000 -0.601000 0.130000)
(-15.500000 -0.590000 0.122250)
(-15.000000 -0.579000 0.114500)
(-14.500000 -0.569000 0.107250)
(-14.000000 -0.559000 0.100000)
(-13.500000 -0.549000 0.093350)
(-13.000000 -0.539000 0.086700)
(-12.500000 -0.529000 0.080550)
(-12.000000 -0.519000 0.074400)
(-11.500000 -0.509000 0.068850)
(-11.000000 -0.499000 0.063300)
(-10.500000 -0.489500 0.058350)
(-10.000000 -0.480000 0.053400)
(-9.500000 -0.469350 0.050160)
(-9.000000 -0.458700 0.046920)
(-8.500000 -0.448049 0.043680)
(-8.000000 -0.437399 0.040440)
(-7.500000 -0.426749 0.037200)
(-7.000000 -0.416099 0.033961)
(-6.500000 -0.405448 0.030721)
(-6.000000 -0.394798 0.027481)
(-5.500000 -0.382920 0.024340)
(-5.000000 -0.359080 0.022268)
(-4.500000 -0.359600 0.019424)
(-4.000000 -0.351160 0.017304)
(-3.500000 -0.302120 0.016056)
(-3.000000 -0.240000 0.024000)
(-2.500000 -0.163000 0.018800)
(-2.000000 -0.091000 0.016000)
(-1.500000 -0.019000 0.013700)
(-1.000000 0.052000 0.011800)
(-0.500000 0.121000 0.010400)
(0.000000 0.196000 0.009400)
(0.500000 0.265000 0.009600)
(1.000000 0.335000 0.009800)
(1.500000 0.404000 0.009900)
(2.000000 0.472000 0.010000)
(2.500000 0.540000 0.010200)
(3.000000 0.608000 0.010300)
(3.500000 0.674000 0.010400)
(4.000000 0.742000 0.010500)
(4.500000 0.809000 0.010700)
(5.000000 0.875000 0.010800)
(5.500000 0.941000 0.010900)
(6.000000 1.007000 0.011000)
(6.500000 1.071000 0.011300)
(7.000000 1.134000 0.011500)
(7.500000 1.198000 0.011700)
(8.000000 1.260000 0.012000)
(8.500000 1.318000 0.012600)
(9.000000 1.368000 0.013300)
(9.500000 1.422000 0.014300)
(10.000000 1.475000 0.015600)
(10.500000 1.523000 0.017400)
(11.000000 1.570000 0.019400)
(11.500000 1.609000 0.022700)
(12.000000 1.642000 0.026900)
(12.500000 1.675000 0.031900)
(13.000000 1.700000 0.039800)
(13.500000 1.717000 0.048800)
(14.000000 1.712000 0.061400)
(14.500000 1.703000 0.078600)
(15.000000 1.687000 0.097950)
(15.500000 1.671000 0.117300)
(16.000000 1.649000 0.137700)
(16.500000 1.621000 0.160000)
(17.000000 1.598000 0.181400)
(17.500000 1.571000 0.204200)
(18.000000 1.549000 0.231600)
(18.500000 1.546500 0.251750)
(19.000000 1.544000 0.271900)
(19.500000 1.549000 0.290600)
(20.000000 1.565000 0.308500)
(20.500000 1.565000 0.326600)
(21.000000 1.565000 0.344700)
(21.500000 1.564000 0.363350)
(22.000000 1.563000 0.382000)
(22.500000 1.560500 0.401150)
(23.000000 1.558000 0.420300)
(23.500000 1.555000 0.439800)
(24.000000 1.552000 0.459300)
(24.500000 1.549000 0.479050)
(25.000000 1.546000 0.498800)
(25.500000 1.542500 0.518750)
(26.000000 1.539000 0.538700)
(26.500000 1.536000 0.558700)
(27.000000 1.533000 0.578700)
(27.500000 1.530000 0.598700)
(28.000000 1.527000 0.618700)
(28.500000 1.525750 0.638475)
(29.000000 1.524500 0.658250)
(29.500000 1.523250 0.678025)
(30.000000 1.522000 0.697800)
(30.500000 1.523750 0.717025)
(31.000000 1.525500 0.736250)
(31.500000 1.527250 0.755475)
(32.000000 1.529000 0.774700)
(32.500000 1.531500 0.793400)
(33.000000 1.534000 0.812100)
(33.500000 1.536500 0.830800)
(34.000000 1.539000 0.849500)
(34.500000 1.541500 0.868200)
(35.000000 1.544000 0.886900)
(35.500000 1.542500 0.904920)
(36.000000 1.541000 0.922940)
(36.500000 1.539500 0.940960)
(37.000000 1.538000 0.958980)
(37.500000 1.536500 0.977000)
(38.000000 1.535000 0.995020)
(38.500000 1.533500 1.013040)
(39.000000 1.532000 1.031060)
(39.500000 1.530500 1.049080)
(40.000000 1.529000 1.067100)
(40.500000 1.523200 1.083580)
(41.000000 1.517400 1.100060)
(41.500000 1.511600 1.116540)
(42.000000 1.505800 1.133020)
(42.500000 1.500000 1.149500)
(43.000000 1.494200 1.165980)
(43.500000 1.488400 1.182460)
(44.000000 1.482600 1.198940)
(44.500000 1.476800 1.215420)
(45.000000 1.471000 1.231900)
(45.500000 1.461500 1.246180)
(46.000000 1.452000 1.260460)
(46.500000 1.442500 1.274740)
(47.000000 1.433000 1.289020)
(47.500000 1.423500 1.303300)
(48.000000 1.414000 1.317580)
(48.500000 1.404500 1.331860)
(49.000000 1.395000 1.346140)
(49.500000 1.385500 1.360420)
(50.000000 1.376000 1.374700)
(50.500000 1.363300 1.386220)
(51.000000 1.350600 1.397740)
(51.500000 1.337900 1.409260)
(52.000000 1.325200 1.420780)
(52.500000 1.312500 1.432300)
(53.000000 1.299800 1.443820)
(53.500000 1.287100 1.455340)
(54.000000 1.274400 1.466860)
(54.500000 1.261700 1.478380)
(55.000000 1.249000 1.489900)
(55.500000 1.233800 1.498190)
(56.000000 1.218600 1.506480)
(56.500000 1.203400 1.514770)
(57.000000 1.188200 1.523060)
(57.500000 1.173000 1.531350)
(58.000000 1.157800 1.539640)
(58.500000 1.142600 1.547930)
(59.000000 1.127400 1.556220)
(59.500000 1.112200 1.564510)
(60.000000 1.097000 1.572800)
(60.500000 1.080100 1.577540)
(61.000000 1.063200 1.582280)
(61.500000 1.046300 1.587020)
(62.000000 1.029400 1.591760)
(62.500000 1.012500 1.596500)
(63.000000 0.995600 1.601240)
(63.500000 0.978700 1.605980)
(64.000000 0.961800 1.610720)
(64.500000 0.944900 1.615460)
(65.000000 0.928000 1.620200)
(65.500000 0.910200 1.621200)
(66.000000 0.892400 1.622200)
(66.500000 0.874600 1.623200)
(67.000000 0.856800 1.624200)
(67.500000 0.839000 1.625200)
(68.000000 0.821200 1.626200)
(68.500000 0.803400 1.627200)
(69.000000 0.785600 1.628200)
(69.500000 0.767800 1.629200)
(70.000000 0.750000 1.630200)
(70.500000 0.732000 1.627490)
(71.000000 0.714000 1.624780)
(71.500000 0.696000 1.622070)
(72.000000 0.678000 1.619360)
(72.500000 0.660000 1.616650)
(73.000000 0.642000 1.613940)
(73.500000 0.624000 1.611230)
(74.000000 0.606000 1.608520)
(74.500000 0.588000 1.605810)
(75.000000 0.570000 1.603100)
(75.500000 0.552600 1.597020)
(76.000000 0.535200 1.590940)
(76.500000 0.517800 1.584860)
(77.000000 0.500400 1.578780)
(77.500000 0.483000 1.572700)
(78.000000 0.465600 1.566620)
(78.500000 0.448200 1.560540)
(79.000000 0.430800 1.554460)
(79.500000 0.413400 1.548380)
(80.000000 0.396000 1.542300)
(80.500000 0.380100 1.534050)
(81.000000 0.364200 1.525800)
(81.500000 0.348300 1.517550)
(82.000000 0.332400 1.509300)
(82.500000 0.316500 1.501050)
(83.000000 0.300600 1.492800)
(83.500000 0.284700 1.484550)
(84.000000 0.268800 1.476300)
(84.500000 0.252900 1.468050)
(85.000000 0.237000 1.459800)
(85.500000 0.223400 1.454230)
(86.000000 0.209800 1.448660)
(86.500000 0.196200 1.443090)
(87.000000 0.182600 1.437520)
(87.500000 0.169000 1.431950)
(88.000000 0.155400 1.426380)
(88.500000 0.141800 1.420810)
(89.000000 0.128200 1.415240)
(89.500000 0.114600 1.409670)
(90.000000 0.101000 1.404100)
(90.500000 0.088700 1.404220)
(91.000000 0.076400 1.404340)
(91.500000 0.064100 1.404460)
(92.000000 0.051800 1.404580)
(92.500000 0.039500 1.404700)
(93.000000 0.027200 1.404820)
(93.500000 0.014900 1.404940)
(94.000000 0.002600 1.405060)
(94.500000 -0.009700 1.405180)
(95.000000 -0.022000 1.405300)
(95.500000 -0.034100 1.403910)
(96.000000 -0.046200 1.402520)
(96.500000 -0.058300 1.401130)
(97.000000 -0.070400 1.399740)
(97.500000 -0.082500 1.398350)
(98.000000 -0.094600 1.396960)
(98.500000 -0.106700 1.395570)
(99.000000 -0.118800 1.394180)
(99.500000 -0.130900 1.392790)
(100.000000 -0.143000 1.391400)
(100.500000 -0.154800 1.388510)
(101.000000 -0.166600 1.385620)
(101.500000 -0.178400 1.382730)
(102.000000 -0.190200 1.379840)
(102.500000 -0.202000 1.376950)
(103.000000 -0.213800 1.374060)
(103.500000 -0.225600 1.371170)
(104.000000 -0.237400 1.368280)
(104.500000 -0.249200 1.365390)
(105.000000 -0.261000 1.362500)
(105.500000 -0.272300 1.358130)
(106.000000 -0.283600 1.353760)
(106.500000 -0.294900 1.349390)
(107.000000 -0.306200 1.345020)
(107.500000 -0.317500 1.340650)
(108.000000 -0.328800 1.336280)
(108.500000 -0.340100 1.331910)
(109.000000 -0.351400 1.327540)
(109.500000 -0.362700 1.323170)
(110.000000 -0.374000 1.318800)
(110.500000 -0.384600 1.313000)
(111.000000 -0.395200 1.307200)
(111.500000 -0.405800 1.301400)
(112.000000 -0.416400 1.295600)
(112.500000 -0.427000 1.289800)
(113.000000 -0.437600 1.284000)
(113.500000 -0.448200 1.278200)
(114.000000 -0.458800 1.272400)
(114.500000 -0.469400 1.266600)
(115.000000 -0.480000 1.260800)
(115.500000 -0.489500 1.253630)
(116.000000 -0.499000 1.246460)
(116.500000 -0.508500 1.239290)
(117.000000 -0.518000 1.232120)
(117.500000 -0.527500 1.224950)
(118.000000 -0.537000 1.217780)
(118.500000 -0.546500 1.210610)
(119.000000 -0.556000 1.203440)
(119.500000 -0.565500 1.196270)
(120.000000 -0.575000 1.189100)
(120.500000 -0.583400 1.180650)
(121.000000 -0.591800 1.172200)
(121.500000 -0.600200 1.163750)
(122.000000 -0.608600 1.155300)
(122.500000 -0.617000 1.146850)
(123.000000 -0.625400 1.138400)
(123.500000 -0.633800 1.129950)
(124.000000 -0.642200 1.121500)
(124.500000 -0.650600 1.113050)
(125.000000 -0.659000 1.104600)
(125.500000 -0.665800 1.095000)
(126.000000 -0.672600 1.085400)
(126.500000 -0.679400 1.075800)
(127.000000 -0.686200 1.066200)
(127.500000 -0.693000 1.056600)
(128.000000 -0.699800 1.047000)
(128.500000 -0.706600 1.037400)
(129.000000 -0.713400 1.027800)
(129.500000 -0.720200 1.018200)
(130.000000 -0.727000 1.008600)
(130.500000 -0.732100 0.997990)
(131.000000 -0.737200 0.987380)
(131.500000 -0.742300 0.976770)
(132.000000 -0.747400 0.966160)
(132.500000 -0.752500 0.955550)
(133.000000 -0.757600 0.944940)
(133.500000 -0.762700 0.934330)
(134.000000 -0.767800 0.923720)
(134.500000 -0.772900 0.913110)
(135.000000 -0.778000 0.902500)
(135.500000 -0.781100 0.891080)
(136.000000 -0.784200 0.879660)
(136.500000 -0.787300 0.868240)
(137.000000 -0.790400 0.856820)
(137.500000 -0.793500 0.845400)
(138.000000 -0.796600 0.833980)
(138.500000 -0.799700 0.822560)
(139.000000 -0.802800 0.811140)
(139.500000 -0.805900 0.799720)
(140.000000 -0.809000 0.788300)
(140.500000 -0.809900 0.776310)
(141.000000 -0.810800 0.764320)
(141.500000 -0.811700 0.752330)
(142.000000 -0.812600 0.740340)
(142.500000 -0.813500 0.728350)
(143.000000 -0.814400 0.716360)
(143.500000 -0.815300 0.704370)
(144.000000 -0.816200 0.692380)
(144.500000 -0.817100 0.680390)
(145.000000 -0.818000 0.668400)
(145.500000 -0.816200 0.656130)
(146.000000 -0.814400 0.643860)
(146.500000 -0.812600 0.631590)
(147.000000 -0.810800 0.619320)
(147.500000 -0.809000 0.607050)
(148.000000 -0.807200 0.594780)
(148.500000 -0.805400 0.582510)
(149.000000 -0.803600 0.570240)
(149.500000 -0.801800 0.557970)
(150.000000 -0.800000 0.545700)
(150.500000 -0.795400 0.533490)
(151.000000 -0.790800 0.521280)
(151.500000 -0.786200 0.509070)
(152.000000 -0.781600 0.496860)
(152.500000 -0.777000 0.484650)
(153.000000 -0.772400 0.472440)
(153.500000 -0.767800 0.460230)
(154.000000 -0.763200 0.448020)
(154.500000 -0.758600 0.435810)
(155.000000 -0.754000 0.423600)
(155.500000 -0.746300 0.411900)
(156.000000 -0.738600 0.400200)
(156.500000 -0.730900 0.388500)
(157.000000 -0.723200 0.376800)
(157.500000 -0.715500 0.365100)
(158.000000 -0.707800 0.353400)
(158.500000 -0.700100 0.341700)
(159.000000 -0.692400 0.330000)
(159.500000 -0.684700 0.318300)
(160.000000 -0.677000 0.306600)
(160.500000 -0.664000 0.296695)
(161.000000 -0.651000 0.286790)
(161.500000 -0.638000 0.276885)
(162.000000 -0.625000 0.266980)
(162.500000 -0.612000 0.257075)
(163.000000 -0.599000 0.247170)
(163.500000 -0.586000 0.237265)
(164.000000 -0.573000 0.227360)
(164.500000 -0.560000 0.217455)
(165.000000 -0.547000 0.207550)
(165.500000 -0.534000 0.197645)
(166.000000 -0.521000 0.187740)
(166.500000 -0.508000 0.177835)
(167.000000 -0.495000 0.167930)
(167.500000 -0.482000 0.158025)
(168.000000 -0.469000 0.148120)
(168.500000 -0.456000 0.138215)
(169.000000 -0.443000 0.128310)
(169.500000 -0.430000 0.118405)
(170.000000 -0.417000 0.108500)
(170.500000 -0.398200 0.102750)
(171.000000 -0.379400 0.097000)
(171.500000 -0.360600 0.091250)
(172.000000 -0.341800 0.085500)
(172.500000 -0.323000 0.079750)
(173.000000 -0.304200 0.074000)
(173.500000 -0.285400 0.068250)
(174.000000 -0.266600 0.062500)
(174.500000 -0.247800 0.056750)
(175.000000 -0.229000 0.051000)
(175.500000 -0.206100 0.049970)
(176.000000 -0.183200 0.048940)
(176.500000 -0.160300 0.047910)
(177.000000 -0.137400 0.046880)
(177.500000 -0.114500 0.045850)
(178.000000 -0.091600 0.044820)
(178.500000 -0.068700 0.043790)
(179.000000 -0.045800 0.042760)
(179.500000 -0.022900 0.041730)
(180.000000 0.000000 0.040700)
