// Polars table of section_23 for NREL 5MW 
// AOA    Cl    Cd 
(-180.000000 0.000000 0.018606)
(-179.500000 0.039238 0.020061)
(-179.000000 0.078475 0.021515)
(-178.500000 0.117712 0.022969)
(-178.000000 0.156950 0.024424)
(-177.500000 0.196188 0.025878)
(-177.000000 0.235425 0.027333)
(-176.500000 0.274663 0.028787)
(-176.000000 0.313900 0.030241)
(-175.500000 0.353137 0.031696)
(-175.000000 0.392375 0.033150)
(-174.500000 0.431606 0.039284)
(-174.000000 0.470838 0.045417)
(-173.500000 0.510069 0.051551)
(-173.000000 0.549300 0.057685)
(-172.500000 0.588531 0.063819)
(-172.000000 0.627763 0.069953)
(-171.500000 0.666994 0.076086)
(-171.000000 0.706225 0.082220)
(-170.500000 0.745456 0.088354)
(-170.000000 0.784687 0.094488)
(-169.500000 0.779031 0.103820)
(-169.000000 0.773375 0.113153)
(-168.500000 0.767719 0.122486)
(-168.000000 0.762063 0.131819)
(-167.500000 0.756406 0.141152)
(-167.000000 0.750750 0.150484)
(-166.500000 0.745094 0.159817)
(-166.000000 0.739437 0.169150)
(-165.500000 0.733781 0.178483)
(-165.000000 0.728125 0.187816)
(-164.500000 0.722469 0.197148)
(-164.000000 0.716813 0.206481)
(-163.500000 0.711156 0.215814)
(-163.000000 0.705500 0.225147)
(-162.500000 0.699844 0.234480)
(-162.000000 0.694187 0.243813)
(-161.500000 0.688531 0.253145)
(-161.000000 0.682875 0.262478)
(-160.500000 0.677219 0.271811)
(-160.000000 0.671563 0.281144)
(-159.500000 0.679481 0.292392)
(-159.000000 0.687400 0.303641)
(-158.500000 0.695319 0.314890)
(-158.000000 0.703237 0.326139)
(-157.500000 0.711156 0.337388)
(-157.000000 0.719075 0.348636)
(-156.500000 0.726994 0.359885)
(-156.000000 0.734913 0.371134)
(-155.500000 0.742831 0.382383)
(-155.000000 0.750750 0.393631)
(-154.500000 0.755569 0.405453)
(-154.000000 0.760387 0.417274)
(-153.500000 0.765206 0.429095)
(-153.000000 0.770025 0.440916)
(-152.500000 0.774844 0.452738)
(-152.000000 0.779663 0.464559)
(-151.500000 0.784481 0.476380)
(-151.000000 0.789300 0.488201)
(-150.500000 0.794119 0.500023)
(-150.000000 0.798938 0.511844)
(-149.500000 0.801044 0.523836)
(-149.000000 0.803150 0.535828)
(-148.500000 0.805256 0.547819)
(-148.000000 0.807362 0.559811)
(-147.500000 0.809469 0.571803)
(-147.000000 0.811575 0.583795)
(-146.500000 0.813681 0.595787)
(-146.000000 0.815787 0.607779)
(-145.500000 0.817894 0.619771)
(-145.000000 0.820000 0.631763)
(-144.500000 0.819506 0.643546)
(-144.000000 0.819013 0.655329)
(-143.500000 0.818519 0.667112)
(-143.000000 0.818025 0.678895)
(-142.500000 0.817531 0.690678)
(-142.000000 0.817037 0.702461)
(-141.500000 0.816544 0.714244)
(-141.000000 0.816050 0.726028)
(-140.500000 0.815556 0.737811)
(-140.000000 0.815063 0.749594)
(-139.500000 0.812356 0.760886)
(-139.000000 0.809650 0.772179)
(-138.500000 0.806944 0.783471)
(-138.000000 0.804238 0.794764)
(-137.500000 0.801531 0.806056)
(-137.000000 0.798825 0.817349)
(-136.500000 0.796119 0.828641)
(-136.000000 0.793412 0.839934)
(-135.500000 0.790706 0.851226)
(-135.000000 0.788000 0.862519)
(-134.500000 0.783300 0.873071)
(-134.000000 0.778600 0.883623)
(-133.500000 0.773900 0.894174)
(-133.000000 0.769200 0.904726)
(-132.500000 0.764500 0.915278)
(-132.000000 0.759800 0.925830)
(-131.500000 0.755100 0.936382)
(-131.000000 0.750400 0.946934)
(-130.500000 0.745700 0.957486)
(-130.000000 0.741000 0.968037)
(-129.500000 0.734588 0.977659)
(-129.000000 0.728175 0.987280)
(-128.500000 0.721762 0.996901)
(-128.000000 0.715350 1.006522)
(-127.500000 0.708937 1.016144)
(-127.000000 0.702525 1.025765)
(-126.500000 0.696113 1.035386)
(-126.000000 0.689700 1.045008)
(-125.500000 0.683288 1.054629)
(-125.000000 0.676875 1.064250)
(-124.500000 0.668963 1.072779)
(-124.000000 0.661050 1.081309)
(-123.500000 0.653138 1.089838)
(-123.000000 0.645225 1.098368)
(-122.500000 0.637312 1.106897)
(-122.000000 0.629400 1.115426)
(-121.500000 0.621487 1.123956)
(-121.000000 0.613575 1.132485)
(-120.500000 0.605662 1.141014)
(-120.000000 0.597750 1.149544)
(-119.500000 0.588631 1.156861)
(-119.000000 0.579512 1.164179)
(-118.500000 0.570394 1.171496)
(-118.000000 0.561275 1.178814)
(-117.500000 0.552156 1.186131)
(-117.000000 0.543037 1.193449)
(-116.500000 0.533919 1.200766)
(-116.000000 0.524800 1.208084)
(-115.500000 0.515681 1.215401)
(-115.000000 0.506563 1.222719)
(-114.500000 0.496350 1.228724)
(-114.000000 0.486138 1.234729)
(-113.500000 0.475925 1.240734)
(-113.000000 0.465712 1.246739)
(-112.500000 0.455500 1.252744)
(-112.000000 0.445288 1.258749)
(-111.500000 0.435075 1.264754)
(-111.000000 0.424862 1.270759)
(-110.500000 0.414650 1.276764)
(-110.000000 0.404438 1.282769)
(-109.500000 0.393519 1.287382)
(-109.000000 0.382600 1.291996)
(-108.500000 0.371681 1.296610)
(-108.000000 0.360763 1.301224)
(-107.500000 0.349844 1.305838)
(-107.000000 0.338925 1.310451)
(-106.500000 0.328006 1.315065)
(-106.000000 0.317087 1.319679)
(-105.500000 0.306169 1.324293)
(-105.000000 0.295250 1.328906)
(-104.500000 0.283725 1.332087)
(-104.000000 0.272200 1.335268)
(-103.500000 0.260675 1.338448)
(-103.000000 0.249150 1.341629)
(-102.500000 0.237625 1.344809)
(-102.000000 0.226100 1.347990)
(-101.500000 0.214575 1.351171)
(-101.000000 0.203050 1.354351)
(-100.500000 0.191525 1.357532)
(-100.000000 0.180000 1.360712)
(-99.500000 0.168081 1.362422)
(-99.000000 0.156163 1.364131)
(-98.500000 0.144244 1.365841)
(-98.000000 0.132325 1.367550)
(-97.500000 0.120406 1.369259)
(-97.000000 0.108488 1.370969)
(-96.500000 0.096569 1.372678)
(-96.000000 0.084650 1.374387)
(-95.500000 0.072731 1.376097)
(-95.000000 0.060813 1.377806)
(-94.500000 0.048794 1.378032)
(-94.000000 0.036775 1.378259)
(-93.500000 0.024756 1.378485)
(-93.000000 0.012738 1.378711)
(-92.500000 0.000719 1.378938)
(-92.000000 -0.011300 1.379164)
(-91.500000 -0.023319 1.379390)
(-91.000000 -0.035338 1.379616)
(-90.500000 -0.047356 1.379843)
(-90.000000 -0.059375 1.380069)
(-89.500000 -0.071300 1.378812)
(-89.000000 -0.083225 1.377556)
(-88.500000 -0.095150 1.376300)
(-88.000000 -0.107075 1.375044)
(-87.500000 -0.119000 1.373788)
(-87.000000 -0.130925 1.372531)
(-86.500000 -0.142850 1.371275)
(-86.000000 -0.154775 1.370019)
(-85.500000 -0.166700 1.368763)
(-85.000000 -0.178625 1.367506)
(-84.500000 -0.190256 1.364788)
(-84.000000 -0.201887 1.362069)
(-83.500000 -0.213519 1.359350)
(-83.000000 -0.225150 1.356631)
(-82.500000 -0.236781 1.353913)
(-82.000000 -0.248412 1.351194)
(-81.500000 -0.260044 1.348475)
(-81.000000 -0.271675 1.345756)
(-80.500000 -0.283306 1.343038)
(-80.000000 -0.294937 1.340319)
(-79.500000 -0.306156 1.336177)
(-79.000000 -0.317375 1.332035)
(-78.500000 -0.328594 1.327893)
(-78.000000 -0.339812 1.323751)
(-77.500000 -0.351031 1.319609)
(-77.000000 -0.362250 1.315467)
(-76.500000 -0.373469 1.311326)
(-76.000000 -0.384688 1.307184)
(-75.500000 -0.395906 1.303042)
(-75.000000 -0.407125 1.298900)
(-74.500000 -0.417650 1.293365)
(-74.000000 -0.428175 1.287830)
(-73.500000 -0.438700 1.282295)
(-73.000000 -0.449225 1.276760)
(-72.500000 -0.459750 1.271225)
(-72.000000 -0.470275 1.265690)
(-71.500000 -0.480800 1.260155)
(-71.000000 -0.491325 1.254620)
(-70.500000 -0.501850 1.249085)
(-70.000000 -0.512375 1.243550)
(-69.500000 -0.521994 1.236703)
(-69.000000 -0.531613 1.229856)
(-68.500000 -0.541231 1.223009)
(-68.000000 -0.550850 1.216163)
(-67.500000 -0.560469 1.209316)
(-67.000000 -0.570087 1.202469)
(-66.500000 -0.579706 1.195622)
(-66.000000 -0.589325 1.188775)
(-65.500000 -0.598944 1.181928)
(-65.000000 -0.608562 1.175081)
(-64.500000 -0.617088 1.167011)
(-64.000000 -0.625613 1.158940)
(-63.500000 -0.634137 1.150869)
(-63.000000 -0.642662 1.142799)
(-62.500000 -0.651188 1.134728)
(-62.000000 -0.659712 1.126658)
(-61.500000 -0.668237 1.118587)
(-61.000000 -0.676762 1.110516)
(-60.500000 -0.685287 1.102446)
(-60.000000 -0.693812 1.094375)
(-59.500000 -0.700931 1.085193)
(-59.000000 -0.708050 1.076010)
(-58.500000 -0.715169 1.066828)
(-58.000000 -0.722287 1.057645)
(-57.500000 -0.729406 1.048463)
(-57.000000 -0.736525 1.039280)
(-56.500000 -0.743644 1.030098)
(-56.000000 -0.750762 1.020915)
(-55.500000 -0.757881 1.011732)
(-55.000000 -0.765000 1.002550)
(-54.500000 -0.770619 0.992414)
(-54.000000 -0.776238 0.982279)
(-53.500000 -0.781856 0.972143)
(-53.000000 -0.787475 0.962008)
(-52.500000 -0.793094 0.951872)
(-52.000000 -0.798712 0.941736)
(-51.500000 -0.804331 0.931601)
(-51.000000 -0.809950 0.921465)
(-50.500000 -0.815569 0.911329)
(-50.000000 -0.821187 0.901194)
(-49.500000 -0.824906 0.890275)
(-49.000000 -0.828625 0.879356)
(-48.500000 -0.832344 0.868437)
(-48.000000 -0.836062 0.857519)
(-47.500000 -0.839781 0.846600)
(-47.000000 -0.843500 0.835681)
(-46.500000 -0.847219 0.824762)
(-46.000000 -0.850937 0.813844)
(-45.500000 -0.854656 0.802925)
(-45.000000 -0.858375 0.792006)
(-44.500000 -0.860181 0.780526)
(-44.000000 -0.861988 0.769045)
(-43.500000 -0.863794 0.757564)
(-43.000000 -0.865600 0.746084)
(-42.500000 -0.867406 0.734603)
(-42.000000 -0.869213 0.723123)
(-41.500000 -0.871019 0.711642)
(-41.000000 -0.872825 0.700161)
(-40.500000 -0.874631 0.688681)
(-40.000000 -0.876437 0.677200)
(-39.500000 -0.875844 0.665426)
(-39.000000 -0.875250 0.653653)
(-38.500000 -0.874656 0.641879)
(-38.000000 -0.874063 0.630105)
(-37.500000 -0.873469 0.618331)
(-37.000000 -0.872875 0.606558)
(-36.500000 -0.872281 0.594784)
(-36.000000 -0.871688 0.583010)
(-35.500000 -0.871094 0.571236)
(-35.000000 -0.870500 0.559462)
(-34.500000 -0.867400 0.547698)
(-34.000000 -0.864300 0.535934)
(-33.500000 -0.861200 0.524169)
(-33.000000 -0.858100 0.512405)
(-32.500000 -0.855000 0.500641)
(-32.000000 -0.851900 0.488876)
(-31.500000 -0.848800 0.477112)
(-31.000000 -0.845700 0.465348)
(-30.500000 -0.842600 0.453583)
(-30.000000 -0.839500 0.441819)
(-29.500000 -0.834725 0.430312)
(-29.000000 -0.829950 0.418806)
(-28.500000 -0.825175 0.407300)
(-28.000000 -0.820400 0.395794)
(-27.500000 -0.815625 0.384288)
(-27.000000 -0.810850 0.372781)
(-26.500000 -0.806075 0.361275)
(-26.000000 -0.801300 0.349769)
(-25.500000 -0.796525 0.338263)
(-25.000000 -0.791750 0.326756)
(-24.500000 -0.792813 0.314641)
(-24.000000 -0.793875 0.302525)
(-23.500000 -0.798938 0.290019)
(-23.000000 -0.804000 0.277513)
(-22.500000 -0.811594 0.264756)
(-22.000000 -0.819187 0.252000)
(-21.500000 -0.829781 0.239047)
(-21.000000 -0.840375 0.226094)
(-20.500000 -0.853000 0.212991)
(-20.000000 -0.865625 0.199888)
(-19.500000 -0.880250 0.186787)
(-19.000000 -0.894875 0.173687)
(-18.500000 -0.910531 0.160587)
(-18.000000 -0.926188 0.147488)
(-17.500000 -0.942438 0.134534)
(-17.000000 -0.958687 0.121581)
(-16.500000 -0.975906 0.108778)
(-16.000000 -0.993125 0.095975)
(-15.500000 -1.009906 0.083472)
(-15.000000 -1.026687 0.070969)
(-14.500000 -1.043469 0.058809)
(-14.000000 -1.026052 0.052515)
(-13.500000 -1.008604 0.046249)
(-13.000000 -0.991156 0.039983)
(-12.500000 -0.971885 0.033476)
(-12.000000 -0.952475 0.027132)
(-11.500000 -0.926238 0.028716)
(-11.000000 -0.900000 0.030300)
(-10.500000 -0.864216 0.029516)
(-10.000000 -0.828431 0.028731)
(-9.500000 -0.754377 0.024708)
(-9.000000 -0.678728 0.020551)
(-8.500000 -0.601651 0.016400)
(-8.000000 -0.526246 0.012506)
(-7.500000 -0.456593 0.010602)
(-7.000000 -0.385093 0.009101)
(-6.500000 -0.318064 0.008941)
(-6.000000 -0.251846 0.008254)
(-5.500000 -0.184683 0.007480)
(-5.000000 -0.119688 0.006925)
(-4.500000 -0.054500 0.006537)
(-4.000000 0.009750 0.006344)
(-3.500000 0.073875 0.006150)
(-3.000000 0.139000 0.005863)
(-2.500000 0.202187 0.005769)
(-2.000000 0.264437 0.005769)
(-1.500000 0.327625 0.005763)
(-1.000000 0.390750 0.005763)
(-0.500000 0.452937 0.005763)
(0.000000 0.516188 0.005750)
(0.500000 0.578312 0.005750)
(1.000000 0.640500 0.005850)
(1.500000 0.701625 0.005856)
(2.000000 0.763813 0.005956)
(2.500000 0.824062 0.006150)
(3.000000 0.884187 0.006344)
(3.500000 0.944375 0.006631)
(4.000000 0.993250 0.007113)
(4.500000 1.043937 0.007881)
(5.000000 1.092937 0.008931)
(5.500000 1.142906 0.010212)
(6.000000 1.190062 0.011212)
(6.500000 1.237062 0.012169)
(7.000000 1.281187 0.013106)
(7.500000 1.322562 0.013925)
(8.000000 1.356625 0.014738)
(8.500000 1.384000 0.015844)
(9.000000 1.402813 0.018100)
(9.500000 1.402688 0.021100)
(10.000000 1.363250 0.025544)
(10.500000 1.320125 0.030319)
(11.000000 1.292437 0.035156)
(11.500000 1.276625 0.040813)
(12.000000 1.272313 0.047631)
(12.500000 1.271562 0.055425)
(13.000000 1.271312 0.064250)
(13.500000 1.271375 0.073237)
(14.000000 1.271000 0.081813)
(14.500000 1.272187 0.091300)
(15.000000 1.274750 0.100150)
(15.500000 1.281000 0.109063)
(16.000000 1.284312 0.118644)
(16.500000 1.295875 0.128694)
(17.000000 1.305875 0.138556)
(17.500000 1.308063 0.148213)
(18.000000 1.308438 0.157969)
(18.500000 1.308750 0.168206)
(19.000000 1.309375 0.178819)
(19.500000 1.309250 0.189625)
(20.000000 1.313687 0.200531)
(20.500000 1.327125 0.211812)
(21.000000 1.326250 0.223413)
(21.500000 1.303125 0.237641)
(22.000000 1.280000 0.251869)
(22.500000 1.256344 0.266209)
(23.000000 1.232688 0.280550)
(23.500000 1.209500 0.295091)
(24.000000 1.186313 0.309631)
(24.500000 1.163625 0.324325)
(25.000000 1.140937 0.339019)
(25.500000 1.119719 0.353672)
(26.000000 1.098500 0.368325)
(26.500000 1.079734 0.382889)
(27.000000 1.060969 0.397453)
(27.500000 1.042203 0.412017)
(28.000000 1.023438 0.426581)
(28.500000 1.009859 0.440786)
(29.000000 0.996281 0.454991)
(29.500000 0.982703 0.469195)
(30.000000 0.969125 0.483400)
(30.500000 0.962953 0.497019)
(31.000000 0.956781 0.510637)
(31.500000 0.950609 0.524256)
(32.000000 0.944438 0.537875)
(32.500000 0.946104 0.550784)
(33.000000 0.947771 0.563694)
(33.500000 0.949437 0.576603)
(34.000000 0.951104 0.589512)
(34.500000 0.952771 0.602422)
(35.000000 0.954438 0.615331)
(35.500000 0.954706 0.628074)
(36.000000 0.954975 0.640816)
(36.500000 0.955244 0.653559)
(37.000000 0.955512 0.666301)
(37.500000 0.955781 0.679044)
(38.000000 0.956050 0.691786)
(38.500000 0.956319 0.704529)
(39.000000 0.956588 0.717271)
(39.500000 0.956856 0.730014)
(40.000000 0.957125 0.742756)
(40.500000 0.954881 0.755065)
(41.000000 0.952638 0.767374)
(41.500000 0.950394 0.779682)
(42.000000 0.948150 0.791991)
(42.500000 0.945906 0.804300)
(43.000000 0.943662 0.816609)
(43.500000 0.941419 0.828918)
(44.000000 0.939175 0.841226)
(44.500000 0.936931 0.853535)
(45.000000 0.934688 0.865844)
(45.500000 0.930219 0.877443)
(46.000000 0.925750 0.889041)
(46.500000 0.921281 0.900640)
(47.000000 0.916813 0.912239)
(47.500000 0.912344 0.923837)
(48.000000 0.907875 0.935436)
(48.500000 0.903406 0.947035)
(49.000000 0.898938 0.958634)
(49.500000 0.894469 0.970233)
(50.000000 0.890000 0.981831)
(50.500000 0.883619 0.992476)
(51.000000 0.877238 1.003120)
(51.500000 0.870856 1.013764)
(52.000000 0.864475 1.024409)
(52.500000 0.858094 1.035053)
(53.000000 0.851712 1.045698)
(53.500000 0.845331 1.056342)
(54.000000 0.838950 1.066986)
(54.500000 0.832569 1.077631)
(55.000000 0.826187 1.088275)
(55.500000 0.818006 1.097743)
(56.000000 0.809825 1.107211)
(56.500000 0.801644 1.116679)
(57.000000 0.793462 1.126148)
(57.500000 0.785281 1.135616)
(58.000000 0.777100 1.145084)
(58.500000 0.768919 1.154552)
(59.000000 0.760738 1.164020)
(59.500000 0.752556 1.173488)
(60.000000 0.744375 1.182956)
(60.500000 0.734888 1.191104)
(61.000000 0.725400 1.199253)
(61.500000 0.715912 1.207401)
(62.000000 0.706425 1.215549)
(62.500000 0.696938 1.223697)
(63.000000 0.687450 1.231845)
(63.500000 0.677963 1.239993)
(64.000000 0.668475 1.248141)
(64.500000 0.658987 1.256289)
(65.000000 0.649500 1.264437)
(65.500000 0.638813 1.271145)
(66.000000 0.628125 1.277853)
(66.500000 0.617437 1.284560)
(67.000000 0.606750 1.291268)
(67.500000 0.596062 1.297975)
(68.000000 0.585375 1.304683)
(68.500000 0.574688 1.311390)
(69.000000 0.564000 1.318098)
(69.500000 0.553312 1.324805)
(70.000000 0.542625 1.331513)
(70.500000 0.531056 1.336691)
(71.000000 0.519487 1.341869)
(71.500000 0.507919 1.347047)
(72.000000 0.496350 1.352225)
(72.500000 0.484781 1.357403)
(73.000000 0.473213 1.362581)
(73.500000 0.461644 1.367759)
(74.000000 0.450075 1.372938)
(74.500000 0.438506 1.378116)
(75.000000 0.426937 1.383294)
(75.500000 0.414781 1.386898)
(76.000000 0.402625 1.390501)
(76.500000 0.390469 1.394105)
(77.000000 0.378313 1.397709)
(77.500000 0.366156 1.401313)
(78.000000 0.354000 1.404916)
(78.500000 0.341844 1.408520)
(79.000000 0.329688 1.412124)
(79.500000 0.317531 1.415727)
(80.000000 0.305375 1.419331)
(80.500000 0.292850 1.421390)
(81.000000 0.280325 1.423449)
(81.500000 0.267800 1.425507)
(82.000000 0.255275 1.427566)
(82.500000 0.242750 1.429625)
(83.000000 0.230225 1.431684)
(83.500000 0.217700 1.433742)
(84.000000 0.205175 1.435801)
(84.500000 0.192650 1.437860)
(85.000000 0.180125 1.439919)
(85.500000 0.167531 1.440717)
(86.000000 0.154938 1.441516)
(86.500000 0.142344 1.442315)
(87.000000 0.129750 1.443114)
(87.500000 0.117156 1.443912)
(88.000000 0.104562 1.444711)
(88.500000 0.091969 1.445510)
(89.000000 0.079375 1.446309)
(89.500000 0.066781 1.447107)
(90.000000 0.054188 1.447906)
(90.500000 0.041613 1.447599)
(91.000000 0.029038 1.447291)
(91.500000 0.016463 1.446984)
(92.000000 0.003888 1.446676)
(92.500000 -0.008687 1.446369)
(93.000000 -0.021262 1.446061)
(93.500000 -0.033837 1.445754)
(94.000000 -0.046412 1.445446)
(94.500000 -0.058987 1.445139)
(95.000000 -0.071562 1.444831)
(95.500000 -0.084031 1.442986)
(96.000000 -0.096500 1.441140)
(96.500000 -0.108969 1.439294)
(97.000000 -0.121437 1.437449)
(97.500000 -0.133906 1.435603)
(98.000000 -0.146375 1.433758)
(98.500000 -0.158844 1.431912)
(99.000000 -0.171313 1.430066)
(99.500000 -0.183781 1.428221)
(100.000000 -0.196250 1.426375)
(100.500000 -0.208325 1.422992)
(101.000000 -0.220400 1.419610)
(101.500000 -0.232475 1.416227)
(102.000000 -0.244550 1.412845)
(102.500000 -0.256625 1.409462)
(103.000000 -0.268700 1.406080)
(103.500000 -0.280775 1.402697)
(104.000000 -0.292850 1.399315)
(104.500000 -0.304925 1.395933)
(105.000000 -0.317000 1.392550)
(105.500000 -0.328481 1.387671)
(106.000000 -0.339963 1.382791)
(106.500000 -0.351444 1.377912)
(107.000000 -0.362925 1.373032)
(107.500000 -0.374406 1.368153)
(108.000000 -0.385888 1.363274)
(108.500000 -0.397369 1.358394)
(109.000000 -0.408850 1.353515)
(109.500000 -0.420331 1.348636)
(110.000000 -0.431812 1.343756)
(110.500000 -0.442487 1.337429)
(111.000000 -0.453163 1.331101)
(111.500000 -0.463837 1.324774)
(112.000000 -0.474513 1.318446)
(112.500000 -0.485188 1.312119)
(113.000000 -0.495862 1.305791)
(113.500000 -0.506538 1.299464)
(114.000000 -0.517213 1.293136)
(114.500000 -0.527887 1.286809)
(115.000000 -0.538563 1.280481)
(115.500000 -0.548150 1.272786)
(116.000000 -0.557737 1.265090)
(116.500000 -0.567325 1.257394)
(117.000000 -0.576913 1.249699)
(117.500000 -0.586500 1.242003)
(118.000000 -0.596087 1.234307)
(118.500000 -0.605675 1.226612)
(119.000000 -0.615263 1.218916)
(119.500000 -0.624850 1.211221)
(120.000000 -0.634437 1.203525)
(120.500000 -0.642725 1.194552)
(121.000000 -0.651012 1.185579)
(121.500000 -0.659300 1.176606)
(122.000000 -0.667587 1.167633)
(122.500000 -0.675875 1.158659)
(123.000000 -0.684163 1.149686)
(123.500000 -0.692450 1.140713)
(124.000000 -0.700737 1.131740)
(124.500000 -0.709025 1.122767)
(125.000000 -0.717312 1.113794)
(125.500000 -0.724006 1.103691)
(126.000000 -0.730700 1.093589)
(126.500000 -0.737394 1.083486)
(127.000000 -0.744088 1.073384)
(127.500000 -0.750781 1.063281)
(128.000000 -0.757475 1.053179)
(128.500000 -0.764169 1.043076)
(129.000000 -0.770863 1.032974)
(129.500000 -0.777556 1.022871)
(130.000000 -0.784250 1.012769)
(130.500000 -0.789150 1.001688)
(131.000000 -0.794050 0.990606)
(131.500000 -0.798950 0.979525)
(132.000000 -0.803850 0.968444)
(132.500000 -0.808750 0.957363)
(133.000000 -0.813650 0.946281)
(133.500000 -0.818550 0.935200)
(134.000000 -0.823450 0.924119)
(134.500000 -0.828350 0.913037)
(135.000000 -0.833250 0.901956)
(135.500000 -0.836056 0.890105)
(136.000000 -0.838863 0.878254)
(136.500000 -0.841669 0.866402)
(137.000000 -0.844475 0.854551)
(137.500000 -0.847281 0.842700)
(138.000000 -0.850087 0.830849)
(138.500000 -0.852894 0.818998)
(139.000000 -0.855700 0.807146)
(139.500000 -0.858506 0.795295)
(140.000000 -0.861313 0.783444)
(140.500000 -0.861812 0.771072)
(141.000000 -0.862313 0.758700)
(141.500000 -0.862812 0.746328)
(142.000000 -0.863312 0.733956)
(142.500000 -0.863813 0.721584)
(143.000000 -0.864313 0.709212)
(143.500000 -0.864812 0.696841)
(144.000000 -0.865313 0.684469)
(144.500000 -0.865813 0.672097)
(145.000000 -0.866312 0.659725)
(145.500000 -0.864125 0.647161)
(146.000000 -0.861938 0.634597)
(146.500000 -0.859750 0.622034)
(147.000000 -0.857563 0.609470)
(147.500000 -0.855375 0.596906)
(148.000000 -0.853187 0.584342)
(148.500000 -0.851000 0.571779)
(149.000000 -0.848812 0.559215)
(149.500000 -0.846625 0.546651)
(150.000000 -0.844437 0.534087)
(150.500000 -0.839263 0.521682)
(151.000000 -0.834087 0.509276)
(151.500000 -0.828912 0.496871)
(152.000000 -0.823738 0.484465)
(152.500000 -0.818562 0.472059)
(153.000000 -0.813387 0.459654)
(153.500000 -0.808213 0.447248)
(154.000000 -0.803038 0.434842)
(154.500000 -0.797863 0.422437)
(155.000000 -0.792688 0.410031)
(155.500000 -0.784319 0.398242)
(156.000000 -0.775950 0.386453)
(156.500000 -0.767581 0.374663)
(157.000000 -0.759212 0.362874)
(157.500000 -0.750844 0.351084)
(158.000000 -0.742475 0.339295)
(158.500000 -0.734106 0.327506)
(159.000000 -0.725738 0.315716)
(159.500000 -0.717369 0.303927)
(160.000000 -0.709000 0.292137)
(160.500000 -0.712784 0.282384)
(161.000000 -0.716569 0.272630)
(161.500000 -0.720353 0.262876)
(162.000000 -0.724137 0.253123)
(162.500000 -0.727922 0.243369)
(163.000000 -0.731706 0.233615)
(163.500000 -0.735491 0.223861)
(164.000000 -0.739275 0.214108)
(164.500000 -0.743059 0.204354)
(165.000000 -0.746844 0.194600)
(165.500000 -0.750628 0.184846)
(166.000000 -0.754412 0.175093)
(166.500000 -0.758197 0.165339)
(167.000000 -0.761981 0.155585)
(167.500000 -0.765766 0.145831)
(168.000000 -0.769550 0.136077)
(168.500000 -0.773334 0.126324)
(169.000000 -0.777119 0.116570)
(169.500000 -0.780903 0.106816)
(170.000000 -0.784687 0.097063)
(170.500000 -0.745456 0.090710)
(171.000000 -0.706225 0.084358)
(171.500000 -0.666994 0.078005)
(172.000000 -0.627763 0.071652)
(172.500000 -0.588531 0.065300)
(173.000000 -0.549300 0.058948)
(173.500000 -0.510069 0.052595)
(174.000000 -0.470838 0.046242)
(174.500000 -0.431606 0.039890)
(175.000000 -0.392375 0.033537)
(175.500000 -0.353137 0.032044)
(176.000000 -0.313900 0.030551)
(176.500000 -0.274663 0.029058)
(177.000000 -0.235425 0.027565)
(177.500000 -0.196188 0.026072)
(178.000000 -0.156950 0.024579)
(178.500000 -0.117713 0.023086)
(179.000000 -0.078475 0.021593)
(179.500000 -0.039237 0.020099)
(180.000000 0.000000 0.018606)
