// Polars table of section_5 for NREL 5MW 
// AOA    Cl    Cd 
(-180.000000 0.000000 0.342752)
(-179.500000 0.000545 0.342777)
(-179.000000 0.001090 0.342801)
(-178.500000 0.001636 0.342825)
(-178.000000 0.002181 0.342849)
(-177.500000 0.002726 0.342874)
(-177.000000 0.003271 0.342898)
(-176.500000 0.003816 0.342922)
(-176.000000 0.004362 0.342946)
(-175.500000 0.004907 0.342971)
(-175.000000 0.005452 0.342995)
(-174.500000 0.005900 0.343097)
(-174.000000 0.006347 0.343199)
(-173.500000 0.006795 0.343301)
(-173.000000 0.007243 0.343403)
(-172.500000 0.007690 0.343505)
(-172.000000 0.008138 0.343607)
(-171.500000 0.008586 0.343709)
(-171.000000 0.009033 0.343811)
(-170.500000 0.009481 0.343913)
(-170.000000 0.009929 0.344015)
(-169.500000 0.010235 0.344258)
(-169.000000 0.010542 0.344500)
(-168.500000 0.010848 0.344742)
(-168.000000 0.011154 0.344985)
(-167.500000 0.011461 0.345227)
(-167.000000 0.011767 0.345469)
(-166.500000 0.012073 0.345712)
(-166.000000 0.012380 0.345954)
(-165.500000 0.012686 0.346196)
(-165.000000 0.012992 0.346439)
(-164.500000 0.013299 0.346681)
(-164.000000 0.013605 0.346923)
(-163.500000 0.013912 0.347166)
(-163.000000 0.014218 0.347408)
(-162.500000 0.014524 0.347650)
(-162.000000 0.014831 0.347893)
(-161.500000 0.015137 0.348135)
(-161.000000 0.015443 0.348377)
(-160.500000 0.015750 0.348620)
(-160.000000 0.016056 0.348862)
(-159.500000 0.016239 0.349146)
(-159.000000 0.016421 0.349429)
(-158.500000 0.016604 0.349713)
(-158.000000 0.016786 0.349996)
(-157.500000 0.016969 0.350280)
(-157.000000 0.017152 0.350564)
(-156.500000 0.017334 0.350847)
(-156.000000 0.017517 0.351131)
(-155.500000 0.017699 0.351415)
(-155.000000 0.017882 0.351698)
(-154.500000 0.017987 0.351992)
(-154.000000 0.018092 0.352286)
(-153.500000 0.018197 0.352580)
(-153.000000 0.018302 0.352875)
(-152.500000 0.018407 0.353169)
(-152.000000 0.018512 0.353463)
(-151.500000 0.018617 0.353757)
(-151.000000 0.018722 0.354051)
(-150.500000 0.018827 0.354345)
(-150.000000 0.018932 0.354639)
(-149.500000 0.018970 0.354934)
(-149.000000 0.019007 0.355229)
(-148.500000 0.019045 0.355525)
(-148.000000 0.019082 0.355820)
(-147.500000 0.019120 0.356115)
(-147.000000 0.019157 0.356410)
(-146.500000 0.019195 0.356705)
(-146.000000 0.019232 0.357000)
(-145.500000 0.019270 0.357295)
(-145.000000 0.019307 0.357590)
(-144.500000 0.019282 0.357878)
(-144.000000 0.019257 0.358166)
(-143.500000 0.019232 0.358453)
(-143.000000 0.019207 0.358741)
(-142.500000 0.019182 0.359028)
(-142.000000 0.019157 0.359316)
(-141.500000 0.019132 0.359604)
(-141.000000 0.019107 0.359891)
(-140.500000 0.019082 0.360179)
(-140.000000 0.019057 0.360466)
(-139.500000 0.018980 0.360740)
(-139.000000 0.018902 0.361013)
(-138.500000 0.018825 0.361286)
(-138.000000 0.018747 0.361559)
(-137.500000 0.018670 0.361832)
(-137.000000 0.018592 0.362105)
(-136.500000 0.018515 0.362378)
(-136.000000 0.018437 0.362651)
(-135.500000 0.018359 0.362924)
(-135.000000 0.018282 0.363198)
(-134.500000 0.018154 0.363450)
(-134.000000 0.018027 0.363703)
(-133.500000 0.017899 0.363956)
(-133.000000 0.017772 0.364209)
(-132.500000 0.017644 0.364462)
(-132.000000 0.017517 0.364715)
(-131.500000 0.017389 0.364967)
(-131.000000 0.017262 0.365220)
(-130.500000 0.017134 0.365473)
(-130.000000 0.017006 0.365726)
(-129.500000 0.016839 0.365954)
(-129.000000 0.016671 0.366182)
(-128.500000 0.016504 0.366410)
(-128.000000 0.016336 0.366638)
(-127.500000 0.016169 0.366866)
(-127.000000 0.016001 0.367095)
(-126.500000 0.015834 0.367323)
(-126.000000 0.015666 0.367551)
(-125.500000 0.015498 0.367779)
(-125.000000 0.015331 0.368007)
(-124.500000 0.015128 0.368207)
(-124.000000 0.014926 0.368407)
(-123.500000 0.014723 0.368606)
(-123.000000 0.014521 0.368806)
(-122.500000 0.014318 0.369006)
(-122.000000 0.014115 0.369206)
(-121.500000 0.013913 0.369406)
(-121.000000 0.013710 0.369605)
(-120.500000 0.013508 0.369805)
(-120.000000 0.013305 0.370005)
(-119.500000 0.013072 0.370174)
(-119.000000 0.012840 0.370343)
(-118.500000 0.012607 0.370512)
(-118.000000 0.012375 0.370680)
(-117.500000 0.012142 0.370849)
(-117.000000 0.011910 0.371018)
(-116.500000 0.011677 0.371187)
(-116.000000 0.011444 0.371356)
(-115.500000 0.011212 0.371524)
(-115.000000 0.010979 0.371693)
(-114.500000 0.010724 0.371829)
(-114.000000 0.010469 0.371964)
(-113.500000 0.010214 0.372100)
(-113.000000 0.009959 0.372235)
(-112.500000 0.009704 0.372371)
(-112.000000 0.009449 0.372507)
(-111.500000 0.009193 0.372642)
(-111.000000 0.008938 0.372778)
(-110.500000 0.008683 0.372913)
(-110.000000 0.008428 0.373049)
(-109.500000 0.008156 0.373149)
(-109.000000 0.007883 0.373250)
(-108.500000 0.007610 0.373350)
(-108.000000 0.007338 0.373451)
(-107.500000 0.007065 0.373551)
(-107.000000 0.006793 0.373652)
(-106.500000 0.006520 0.373753)
(-106.000000 0.006247 0.373853)
(-105.500000 0.005975 0.373954)
(-105.000000 0.005702 0.374054)
(-104.500000 0.005417 0.374119)
(-104.000000 0.005132 0.374184)
(-103.500000 0.004847 0.374249)
(-103.000000 0.004562 0.374314)
(-102.500000 0.004277 0.374379)
(-102.000000 0.003992 0.374444)
(-101.500000 0.003706 0.374509)
(-101.000000 0.003421 0.374574)
(-100.500000 0.003136 0.374639)
(-100.000000 0.002851 0.374704)
(-99.500000 0.002561 0.374733)
(-99.000000 0.002271 0.374761)
(-98.500000 0.001981 0.374790)
(-98.000000 0.001691 0.374818)
(-97.500000 0.001401 0.374847)
(-97.000000 0.001110 0.374875)
(-96.500000 0.000820 0.374904)
(-96.000000 0.000530 0.374932)
(-95.500000 0.000240 0.374961)
(-95.000000 -0.000050 0.374990)
(-94.500000 -0.000345 0.374982)
(-94.000000 -0.000640 0.374973)
(-93.500000 -0.000935 0.374965)
(-93.000000 -0.001230 0.374957)
(-92.500000 -0.001526 0.374949)
(-92.000000 -0.001821 0.374941)
(-91.500000 -0.002116 0.374933)
(-91.000000 -0.002411 0.374925)
(-90.500000 -0.002706 0.374917)
(-90.000000 -0.003001 0.374909)
(-89.500000 -0.003291 0.374865)
(-89.000000 -0.003581 0.374821)
(-88.500000 -0.003871 0.374777)
(-88.000000 -0.004162 0.374732)
(-87.500000 -0.004452 0.374688)
(-87.000000 -0.004742 0.374644)
(-86.500000 -0.005032 0.374600)
(-86.000000 -0.005322 0.374555)
(-85.500000 -0.005612 0.374511)
(-85.000000 -0.005902 0.374467)
(-84.500000 -0.006185 0.374387)
(-84.000000 -0.006467 0.374307)
(-83.500000 -0.006750 0.374227)
(-83.000000 -0.007033 0.374148)
(-82.500000 -0.007315 0.374068)
(-82.000000 -0.007598 0.373988)
(-81.500000 -0.007880 0.373908)
(-81.000000 -0.008163 0.373829)
(-80.500000 -0.008446 0.373749)
(-80.000000 -0.008728 0.373669)
(-79.500000 -0.008996 0.373555)
(-79.000000 -0.009264 0.373440)
(-78.500000 -0.009531 0.373326)
(-78.000000 -0.009799 0.373212)
(-77.500000 -0.010066 0.373098)
(-77.000000 -0.010334 0.372983)
(-76.500000 -0.010602 0.372869)
(-76.000000 -0.010869 0.372755)
(-75.500000 -0.011137 0.372640)
(-75.000000 -0.011404 0.372526)
(-74.500000 -0.011657 0.372379)
(-74.000000 -0.011910 0.372231)
(-73.500000 -0.012162 0.372084)
(-73.000000 -0.012415 0.371937)
(-72.500000 -0.012667 0.371790)
(-72.000000 -0.012920 0.371642)
(-71.500000 -0.013173 0.371495)
(-71.000000 -0.013425 0.371348)
(-70.500000 -0.013678 0.371200)
(-70.000000 -0.013930 0.371053)
(-69.500000 -0.014155 0.370874)
(-69.000000 -0.014380 0.370696)
(-68.500000 -0.014606 0.370517)
(-68.000000 -0.014831 0.370339)
(-67.500000 -0.015056 0.370160)
(-67.000000 -0.015281 0.369982)
(-66.500000 -0.015506 0.369803)
(-66.000000 -0.015731 0.369624)
(-65.500000 -0.015956 0.369446)
(-65.000000 -0.016181 0.369267)
(-64.500000 -0.016381 0.369060)
(-64.000000 -0.016581 0.368853)
(-63.500000 -0.016781 0.368646)
(-63.000000 -0.016981 0.368439)
(-62.500000 -0.017182 0.368232)
(-62.000000 -0.017382 0.368025)
(-61.500000 -0.017582 0.367818)
(-61.000000 -0.017782 0.367611)
(-60.500000 -0.017982 0.367404)
(-60.000000 -0.018182 0.367197)
(-59.500000 -0.018344 0.366964)
(-59.000000 -0.018507 0.366731)
(-58.500000 -0.018670 0.366499)
(-58.000000 -0.018832 0.366266)
(-57.500000 -0.018995 0.366034)
(-57.000000 -0.019157 0.365801)
(-56.500000 -0.019320 0.365568)
(-56.000000 -0.019482 0.365336)
(-55.500000 -0.019645 0.365103)
(-55.000000 -0.019808 0.364871)
(-54.500000 -0.019933 0.364616)
(-54.000000 -0.020058 0.364362)
(-53.500000 -0.020183 0.364108)
(-53.000000 -0.020308 0.363853)
(-52.500000 -0.020433 0.363599)
(-52.000000 -0.020558 0.363345)
(-51.500000 -0.020683 0.363090)
(-51.000000 -0.020808 0.362836)
(-50.500000 -0.020933 0.362582)
(-50.000000 -0.021058 0.362327)
(-49.500000 -0.021138 0.362056)
(-49.000000 -0.021218 0.361785)
(-48.500000 -0.021298 0.361514)
(-48.000000 -0.021378 0.361243)
(-47.500000 -0.021458 0.360972)
(-47.000000 -0.021538 0.360701)
(-46.500000 -0.021618 0.360429)
(-46.000000 -0.021698 0.360158)
(-45.500000 -0.021778 0.359887)
(-45.000000 -0.021858 0.359616)
(-44.500000 -0.021888 0.359334)
(-44.000000 -0.021918 0.359051)
(-43.500000 -0.021948 0.358768)
(-43.000000 -0.021978 0.358486)
(-42.500000 -0.022008 0.358203)
(-42.000000 -0.022038 0.357921)
(-41.500000 -0.022068 0.357638)
(-41.000000 -0.022098 0.357355)
(-40.500000 -0.022128 0.357073)
(-40.000000 -0.022158 0.356790)
(-39.500000 -0.022131 0.356503)
(-39.000000 -0.022103 0.356216)
(-38.500000 -0.022076 0.355929)
(-38.000000 -0.022048 0.355642)
(-37.500000 -0.022021 0.355355)
(-37.000000 -0.021993 0.355067)
(-36.500000 -0.021966 0.354780)
(-36.000000 -0.021938 0.354493)
(-35.500000 -0.021911 0.354206)
(-35.000000 -0.021883 0.353919)
(-34.500000 -0.021793 0.353635)
(-34.000000 -0.021703 0.353351)
(-33.500000 -0.021613 0.353067)
(-33.000000 -0.021523 0.352784)
(-32.500000 -0.021433 0.352500)
(-32.000000 -0.021343 0.352216)
(-31.500000 -0.021253 0.351932)
(-31.000000 -0.021163 0.351648)
(-30.500000 -0.021073 0.351364)
(-30.000000 -0.020983 0.351080)
(-29.500000 -0.020828 0.350810)
(-29.000000 -0.020673 0.350539)
(-28.500000 -0.020518 0.350268)
(-28.000000 -0.020363 0.349997)
(-27.500000 -0.020208 0.349726)
(-27.000000 -0.020053 0.349455)
(-26.500000 -0.019898 0.349184)
(-26.000000 -0.019743 0.348914)
(-25.500000 -0.019587 0.348643)
(-25.000000 -0.019432 0.348372)
(-24.500000 -0.019232 0.348113)
(-24.000000 -0.019032 0.347854)
(-23.500000 -0.018820 0.347602)
(-23.000000 -0.018607 0.347349)
(-22.500000 -0.018369 0.347101)
(-22.000000 -0.018132 0.346854)
(-21.500000 -0.017894 0.346612)
(-21.000000 -0.017657 0.346371)
(-20.500000 -0.017394 0.346136)
(-20.000000 -0.017132 0.345901)
(-19.500000 -0.016844 0.345683)
(-19.000000 -0.016556 0.345466)
(-18.500000 -0.016219 0.345273)
(-18.000000 -0.015881 0.345081)
(-17.500000 -0.015506 0.344912)
(-17.000000 -0.015131 0.344743)
(-16.500000 -0.014706 0.344597)
(-16.000000 -0.014280 0.344450)
(-15.500000 -0.013818 0.344328)
(-15.000000 -0.013355 0.344205)
(-14.500000 -0.012855 0.344103)
(-14.000000 -0.012355 0.344000)
(-13.500000 -0.011829 0.343919)
(-13.000000 -0.011304 0.343838)
(-12.500000 -0.010742 0.343775)
(-12.000000 -0.010179 0.343713)
(-11.500000 -0.009591 0.343669)
(-11.000000 -0.009003 0.343625)
(-10.500000 -0.008391 0.343600)
(-10.000000 -0.007778 0.343575)
(-9.500000 -0.007134 0.343574)
(-9.000000 -0.006490 0.343574)
(-8.500000 -0.005846 0.343573)
(-8.000000 -0.005202 0.343573)
(-7.500000 -0.004595 0.343422)
(-7.000000 -0.003989 0.343271)
(-6.500000 -0.003383 0.343121)
(-6.000000 -0.002776 0.342970)
(-5.500000 -0.002251 0.342782)
(-5.000000 -0.001801 0.342615)
(-4.500000 -0.001626 0.342447)
(-4.000000 -0.001351 0.342275)
(-3.500000 -0.000425 0.342120)
(-3.000000 0.000075 0.341994)
(-2.500000 0.000350 0.341884)
(-2.000000 0.000225 0.341742)
(-1.500000 0.000100 0.341657)
(-1.000000 0.000900 0.341614)
(-0.500000 0.001826 0.341589)
(0.000000 0.003426 0.341529)
(0.500000 0.005327 0.341532)
(1.000000 0.007303 0.341542)
(1.500000 0.009229 0.341552)
(2.000000 0.011104 0.341557)
(2.500000 0.012855 0.341557)
(3.000000 0.014506 0.341554)
(3.500000 0.016131 0.341547)
(4.000000 0.017757 0.341544)
(4.500000 0.019407 0.341552)
(5.000000 0.021033 0.341559)
(5.500000 0.022609 0.341569)
(6.000000 0.024184 0.341584)
(6.500000 0.025685 0.341607)
(7.000000 0.027110 0.341642)
(7.500000 0.028511 0.341682)
(8.000000 0.029836 0.341742)
(8.500000 0.031062 0.341824)
(9.000000 0.032187 0.341934)
(9.500000 0.033338 0.342054)
(10.000000 0.034213 0.342230)
(10.500000 0.035013 0.342435)
(11.000000 0.035639 0.342697)
(11.500000 0.036239 0.342975)
(12.000000 0.036839 0.343287)
(12.500000 0.037364 0.343680)
(13.000000 0.037839 0.344070)
(13.500000 0.038465 0.344468)
(14.000000 0.039077 0.344921)
(14.500000 0.039690 0.345373)
(15.000000 0.040365 0.345861)
(15.500000 0.040791 0.346379)
(16.000000 0.041241 0.346874)
(16.500000 0.041666 0.347417)
(17.000000 0.042041 0.347959)
(17.500000 0.042491 0.348499)
(18.000000 0.042991 0.349052)
(18.500000 0.043392 0.349594)
(19.000000 0.043792 0.350135)
(19.500000 0.044192 0.350708)
(20.000000 0.044579 0.351244)
(20.500000 0.044967 0.351781)
(21.000000 0.045267 0.352288)
(21.500000 0.045517 0.352807)
(22.000000 0.045767 0.353326)
(22.500000 0.045980 0.353860)
(23.000000 0.046193 0.354394)
(23.500000 0.046368 0.354941)
(24.000000 0.046543 0.355487)
(24.500000 0.046680 0.356046)
(25.000000 0.046818 0.356605)
(25.500000 0.046930 0.357170)
(26.000000 0.047043 0.357735)
(26.500000 0.047124 0.358311)
(27.000000 0.047205 0.358886)
(27.500000 0.047287 0.359461)
(28.000000 0.047368 0.360036)
(28.500000 0.047431 0.360617)
(29.000000 0.047493 0.361197)
(29.500000 0.047556 0.361777)
(30.000000 0.047618 0.362357)
(30.500000 0.047687 0.362934)
(31.000000 0.047756 0.363511)
(31.500000 0.047824 0.364088)
(32.000000 0.047893 0.364666)
(32.500000 0.047952 0.365232)
(33.000000 0.048010 0.365798)
(33.500000 0.048068 0.366364)
(34.000000 0.048127 0.366930)
(34.500000 0.048185 0.367496)
(35.000000 0.048243 0.368062)
(35.500000 0.048178 0.368600)
(36.000000 0.048113 0.369138)
(36.500000 0.048048 0.369676)
(37.000000 0.047983 0.370214)
(37.500000 0.047918 0.370752)
(38.000000 0.047853 0.371290)
(38.500000 0.047788 0.371828)
(39.000000 0.047723 0.372366)
(39.500000 0.047658 0.372903)
(40.000000 0.047593 0.373441)
(40.500000 0.047386 0.373922)
(41.000000 0.047178 0.374403)
(41.500000 0.046970 0.374884)
(42.000000 0.046763 0.375365)
(42.500000 0.046555 0.375846)
(43.000000 0.046348 0.376327)
(43.500000 0.046140 0.376808)
(44.000000 0.045932 0.377289)
(44.500000 0.045725 0.377770)
(45.000000 0.045517 0.378251)
(45.500000 0.045192 0.378652)
(46.000000 0.044867 0.379054)
(46.500000 0.044542 0.379455)
(47.000000 0.044217 0.379856)
(47.500000 0.043892 0.380258)
(48.000000 0.043567 0.380659)
(48.500000 0.043241 0.381061)
(49.000000 0.042916 0.381462)
(49.500000 0.042591 0.381863)
(50.000000 0.042266 0.382265)
(50.500000 0.041846 0.382567)
(51.000000 0.041426 0.382869)
(51.500000 0.041006 0.383171)
(52.000000 0.040585 0.383473)
(52.500000 0.040165 0.383775)
(53.000000 0.039745 0.384077)
(53.500000 0.039325 0.384380)
(54.000000 0.038905 0.384682)
(54.500000 0.038485 0.384984)
(55.000000 0.038064 0.385286)
(55.500000 0.037567 0.385474)
(56.000000 0.037069 0.385662)
(56.500000 0.036571 0.385849)
(57.000000 0.036074 0.386037)
(57.500000 0.035576 0.386225)
(58.000000 0.035078 0.386413)
(58.500000 0.034581 0.386601)
(59.000000 0.034083 0.386788)
(59.500000 0.033585 0.386976)
(60.000000 0.033088 0.387164)
(60.500000 0.032545 0.387228)
(61.000000 0.032002 0.387291)
(61.500000 0.031459 0.387355)
(62.000000 0.030917 0.387418)
(62.500000 0.030374 0.387482)
(63.000000 0.029831 0.387545)
(63.500000 0.029289 0.387609)
(64.000000 0.028746 0.387672)
(64.500000 0.028203 0.387736)
(65.000000 0.027661 0.387799)
(65.500000 0.027095 0.387733)
(66.000000 0.026530 0.387666)
(66.500000 0.025965 0.387599)
(67.000000 0.025400 0.387532)
(67.500000 0.024834 0.387465)
(68.000000 0.024269 0.387399)
(68.500000 0.023704 0.387332)
(69.000000 0.023139 0.387265)
(69.500000 0.022574 0.387198)
(70.000000 0.022008 0.387132)
(70.500000 0.021453 0.386937)
(71.000000 0.020898 0.386741)
(71.500000 0.020343 0.386546)
(72.000000 0.019788 0.386351)
(72.500000 0.019232 0.386156)
(73.000000 0.018677 0.385961)
(73.500000 0.018122 0.385766)
(74.000000 0.017567 0.385571)
(74.500000 0.017011 0.385376)
(75.000000 0.016456 0.385181)
(75.500000 0.015934 0.384873)
(76.000000 0.015411 0.384564)
(76.500000 0.014888 0.384256)
(77.000000 0.014365 0.383947)
(77.500000 0.013843 0.383639)
(78.000000 0.013320 0.383331)
(78.500000 0.012797 0.383022)
(79.000000 0.012275 0.382714)
(79.500000 0.011752 0.382406)
(80.000000 0.011229 0.382097)
(80.500000 0.010774 0.381725)
(81.000000 0.010319 0.381353)
(81.500000 0.009864 0.380982)
(82.000000 0.009409 0.380610)
(82.500000 0.008953 0.380238)
(83.000000 0.008498 0.379866)
(83.500000 0.008043 0.379494)
(84.000000 0.007588 0.379122)
(84.500000 0.007133 0.378750)
(85.000000 0.006678 0.378378)
(85.500000 0.006320 0.378136)
(86.000000 0.005962 0.377894)
(86.500000 0.005605 0.377652)
(87.000000 0.005247 0.377410)
(87.500000 0.004889 0.377168)
(88.000000 0.004532 0.376926)
(88.500000 0.004174 0.376684)
(89.000000 0.003816 0.376442)
(89.500000 0.003459 0.376199)
(90.000000 0.003101 0.375957)
(90.500000 0.002796 0.375966)
(91.000000 0.002491 0.375974)
(91.500000 0.002186 0.375982)
(92.000000 0.001881 0.375990)
(92.500000 0.001576 0.375999)
(93.000000 0.001270 0.376007)
(93.500000 0.000965 0.376015)
(94.000000 0.000660 0.376023)
(94.500000 0.000355 0.376032)
(95.000000 0.000050 0.376040)
(95.500000 -0.000250 0.376011)
(96.000000 -0.000550 0.375981)
(96.500000 -0.000850 0.375952)
(97.000000 -0.001150 0.375923)
(97.500000 -0.001451 0.375894)
(98.000000 -0.001751 0.375864)
(98.500000 -0.002051 0.375835)
(99.000000 -0.002351 0.375806)
(99.500000 -0.002651 0.375777)
(100.000000 -0.002951 0.375747)
(100.500000 -0.003244 0.375681)
(101.000000 -0.003536 0.375614)
(101.500000 -0.003829 0.375547)
(102.000000 -0.004122 0.375480)
(102.500000 -0.004414 0.375413)
(103.000000 -0.004707 0.375347)
(103.500000 -0.004999 0.375280)
(104.000000 -0.005292 0.375213)
(104.500000 -0.005585 0.375146)
(105.000000 -0.005877 0.375080)
(105.500000 -0.006160 0.374976)
(106.000000 -0.006442 0.374872)
(106.500000 -0.006725 0.374769)
(107.000000 -0.007008 0.374665)
(107.500000 -0.007290 0.374562)
(108.000000 -0.007573 0.374458)
(108.500000 -0.007855 0.374355)
(109.000000 -0.008138 0.374251)
(109.500000 -0.008421 0.374148)
(110.000000 -0.008703 0.374044)
(110.500000 -0.008966 0.373905)
(111.000000 -0.009229 0.373766)
(111.500000 -0.009491 0.373626)
(112.000000 -0.009754 0.373487)
(112.500000 -0.010016 0.373348)
(113.000000 -0.010279 0.373208)
(113.500000 -0.010542 0.373069)
(114.000000 -0.010804 0.372930)
(114.500000 -0.011067 0.372790)
(115.000000 -0.011329 0.372651)
(115.500000 -0.011569 0.372478)
(116.000000 -0.011809 0.372304)
(116.500000 -0.012050 0.372131)
(117.000000 -0.012290 0.371958)
(117.500000 -0.012530 0.371785)
(118.000000 -0.012770 0.371611)
(118.500000 -0.013010 0.371438)
(119.000000 -0.013250 0.371265)
(119.500000 -0.013490 0.371091)
(120.000000 -0.013730 0.370918)
(120.500000 -0.013940 0.370712)
(121.000000 -0.014150 0.370506)
(121.500000 -0.014360 0.370300)
(122.000000 -0.014571 0.370095)
(122.500000 -0.014781 0.369889)
(123.000000 -0.014991 0.369683)
(123.500000 -0.015201 0.369477)
(124.000000 -0.015411 0.369271)
(124.500000 -0.015621 0.369066)
(125.000000 -0.015831 0.368860)
(125.500000 -0.016004 0.368625)
(126.000000 -0.016176 0.368390)
(126.500000 -0.016349 0.368155)
(127.000000 -0.016521 0.367920)
(127.500000 -0.016694 0.367685)
(128.000000 -0.016866 0.367451)
(128.500000 -0.017039 0.367216)
(129.000000 -0.017212 0.366981)
(129.500000 -0.017384 0.366746)
(130.000000 -0.017557 0.366511)
(130.500000 -0.017687 0.366251)
(131.000000 -0.017817 0.365990)
(131.500000 -0.017947 0.365729)
(132.000000 -0.018077 0.365469)
(132.500000 -0.018207 0.365208)
(133.000000 -0.018337 0.364948)
(133.500000 -0.018467 0.364687)
(134.000000 -0.018597 0.364426)
(134.500000 -0.018727 0.364166)
(135.000000 -0.018857 0.363905)
(135.500000 -0.018940 0.363624)
(136.000000 -0.019022 0.363343)
(136.500000 -0.019105 0.363061)
(137.000000 -0.019187 0.362780)
(137.500000 -0.019270 0.362499)
(138.000000 -0.019352 0.362217)
(138.500000 -0.019435 0.361936)
(139.000000 -0.019517 0.361654)
(139.500000 -0.019600 0.361373)
(140.000000 -0.019682 0.361092)
(140.500000 -0.019707 0.360795)
(141.000000 -0.019733 0.360499)
(141.500000 -0.019758 0.360203)
(142.000000 -0.019783 0.359906)
(142.500000 -0.019808 0.359610)
(143.000000 -0.019833 0.359314)
(143.500000 -0.019858 0.359017)
(144.000000 -0.019883 0.358721)
(144.500000 -0.019908 0.358424)
(145.000000 -0.019933 0.358128)
(145.500000 -0.019895 0.357823)
(146.000000 -0.019858 0.357519)
(146.500000 -0.019820 0.357214)
(147.000000 -0.019783 0.356910)
(147.500000 -0.019745 0.356605)
(148.000000 -0.019707 0.356300)
(148.500000 -0.019670 0.355996)
(149.000000 -0.019632 0.355691)
(149.500000 -0.019595 0.355387)
(150.000000 -0.019557 0.355082)
(150.500000 -0.019450 0.354778)
(151.000000 -0.019342 0.354475)
(151.500000 -0.019235 0.354171)
(152.000000 -0.019127 0.353867)
(152.500000 -0.019020 0.353564)
(153.000000 -0.018912 0.353260)
(153.500000 -0.018805 0.352957)
(154.000000 -0.018697 0.352653)
(154.500000 -0.018590 0.352349)
(155.000000 -0.018482 0.352046)
(155.500000 -0.018294 0.351753)
(156.000000 -0.018107 0.351460)
(156.500000 -0.017919 0.351167)
(157.000000 -0.017732 0.350874)
(157.500000 -0.017544 0.350581)
(158.000000 -0.017357 0.350289)
(158.500000 -0.017169 0.349996)
(159.000000 -0.016981 0.349703)
(159.500000 -0.016794 0.349410)
(160.000000 -0.016606 0.349117)
(160.500000 -0.016289 0.348867)
(161.000000 -0.015971 0.348616)
(161.500000 -0.015653 0.348366)
(162.000000 -0.015336 0.348115)
(162.500000 -0.015018 0.347865)
(163.000000 -0.014701 0.347614)
(163.500000 -0.014383 0.347364)
(164.000000 -0.014065 0.347113)
(164.500000 -0.013748 0.346863)
(165.000000 -0.013430 0.346612)
(165.500000 -0.013112 0.346362)
(166.000000 -0.012795 0.346112)
(166.500000 -0.012477 0.345861)
(167.000000 -0.012160 0.345611)
(167.500000 -0.011842 0.345360)
(168.000000 -0.011524 0.345110)
(168.500000 -0.011207 0.344859)
(169.000000 -0.010889 0.344609)
(169.500000 -0.010572 0.344358)
(170.000000 -0.010254 0.344108)
(170.500000 -0.009794 0.343997)
(171.000000 -0.009334 0.343887)
(171.500000 -0.008873 0.343776)
(172.000000 -0.008413 0.343666)
(172.500000 -0.007953 0.343555)
(173.000000 -0.007493 0.343445)
(173.500000 -0.007033 0.343334)
(174.000000 -0.006572 0.343223)
(174.500000 -0.006112 0.343113)
(175.000000 -0.005652 0.343002)
(175.500000 -0.005087 0.342977)
(176.000000 -0.004522 0.342952)
(176.500000 -0.003957 0.342927)
(177.000000 -0.003391 0.342902)
(177.500000 -0.002826 0.342877)
(178.000000 -0.002261 0.342852)
(178.500000 -0.001696 0.342827)
(179.000000 -0.001130 0.342802)
(179.500000 -0.000565 0.342777)
(180.000000 0.000000 0.342752)
