// Polars table of section_15 for NREL 5MW 
// AOA    Cl    Cd 
(-180.000000 0.000000 0.027575)
(-179.500000 0.027081 0.028603)
(-179.000000 0.054163 0.029631)
(-178.500000 0.081244 0.030659)
(-178.000000 0.108325 0.031688)
(-177.500000 0.135406 0.032716)
(-177.000000 0.162488 0.033744)
(-176.500000 0.189569 0.034772)
(-176.000000 0.216650 0.035800)
(-175.500000 0.243731 0.036828)
(-175.000000 0.270813 0.037856)
(-174.500000 0.297544 0.043805)
(-174.000000 0.324275 0.049754)
(-173.500000 0.351006 0.055702)
(-173.000000 0.377738 0.061651)
(-172.500000 0.404469 0.067600)
(-172.000000 0.431200 0.073549)
(-171.500000 0.457931 0.079497)
(-171.000000 0.484662 0.085446)
(-170.500000 0.511394 0.091395)
(-170.000000 0.538125 0.097344)
(-169.500000 0.545384 0.106890)
(-169.000000 0.552644 0.116436)
(-168.500000 0.559903 0.125982)
(-168.000000 0.567162 0.135528)
(-167.500000 0.574422 0.145073)
(-167.000000 0.581681 0.154619)
(-166.500000 0.588941 0.164165)
(-166.000000 0.596200 0.173711)
(-165.500000 0.603459 0.183257)
(-165.000000 0.610719 0.192803)
(-164.500000 0.617978 0.202349)
(-164.000000 0.625238 0.211895)
(-163.500000 0.632497 0.221441)
(-163.000000 0.639756 0.230987)
(-162.500000 0.647016 0.240533)
(-162.000000 0.654275 0.250079)
(-161.500000 0.661534 0.259625)
(-161.000000 0.668794 0.269171)
(-160.500000 0.676053 0.278717)
(-160.000000 0.683312 0.288263)
(-159.500000 0.691375 0.299746)
(-159.000000 0.699438 0.311230)
(-158.500000 0.707500 0.322714)
(-158.000000 0.715563 0.334198)
(-157.500000 0.723625 0.345681)
(-157.000000 0.731688 0.357165)
(-156.500000 0.739750 0.368649)
(-156.000000 0.747812 0.380133)
(-155.500000 0.755875 0.391616)
(-155.000000 0.763938 0.403100)
(-154.500000 0.768906 0.415158)
(-154.000000 0.773875 0.427215)
(-153.500000 0.778844 0.439273)
(-153.000000 0.783813 0.451330)
(-152.500000 0.788781 0.463388)
(-152.000000 0.793750 0.475445)
(-151.500000 0.798719 0.487503)
(-151.000000 0.803687 0.499560)
(-150.500000 0.808656 0.511618)
(-150.000000 0.813625 0.523675)
(-149.500000 0.815606 0.535878)
(-149.000000 0.817588 0.548081)
(-148.500000 0.819569 0.560284)
(-148.000000 0.821550 0.572487)
(-147.500000 0.823531 0.584691)
(-147.000000 0.825512 0.596894)
(-146.500000 0.827494 0.609097)
(-146.000000 0.829475 0.621300)
(-145.500000 0.831456 0.633503)
(-145.000000 0.833437 0.645706)
(-144.500000 0.833012 0.657706)
(-144.000000 0.832588 0.669705)
(-143.500000 0.832162 0.681704)
(-143.000000 0.831737 0.693704)
(-142.500000 0.831312 0.705703)
(-142.000000 0.830888 0.717702)
(-141.500000 0.830462 0.729702)
(-141.000000 0.830037 0.741701)
(-140.500000 0.829612 0.753701)
(-140.000000 0.829187 0.765700)
(-139.500000 0.826375 0.777186)
(-139.000000 0.823562 0.788673)
(-138.500000 0.820750 0.800159)
(-138.000000 0.817937 0.811645)
(-137.500000 0.815125 0.823131)
(-137.000000 0.812312 0.834617)
(-136.500000 0.809500 0.846104)
(-136.000000 0.806688 0.857590)
(-135.500000 0.803875 0.869076)
(-135.000000 0.801063 0.880563)
(-134.500000 0.796256 0.891287)
(-134.000000 0.791450 0.902011)
(-133.500000 0.786644 0.912736)
(-133.000000 0.781837 0.923460)
(-132.500000 0.777031 0.934184)
(-132.000000 0.772225 0.944909)
(-131.500000 0.767419 0.955633)
(-131.000000 0.762612 0.966357)
(-130.500000 0.757806 0.977082)
(-130.000000 0.753000 0.987806)
(-129.500000 0.746394 0.997570)
(-129.000000 0.739787 1.007334)
(-128.500000 0.733181 1.017097)
(-128.000000 0.726575 1.026861)
(-127.500000 0.719969 1.036625)
(-127.000000 0.713362 1.046389)
(-126.500000 0.706756 1.056153)
(-126.000000 0.700150 1.065916)
(-125.500000 0.693544 1.075680)
(-125.000000 0.686937 1.085444)
(-124.500000 0.678837 1.094106)
(-124.000000 0.670737 1.102768)
(-123.500000 0.662637 1.111429)
(-123.000000 0.654537 1.120091)
(-122.500000 0.646437 1.128753)
(-122.000000 0.638338 1.137415)
(-121.500000 0.630237 1.146077)
(-121.000000 0.622138 1.154739)
(-120.500000 0.614038 1.163401)
(-120.000000 0.605937 1.172063)
(-119.500000 0.596544 1.179475)
(-119.000000 0.587150 1.186888)
(-118.500000 0.577756 1.194300)
(-118.000000 0.568363 1.201713)
(-117.500000 0.558969 1.209125)
(-117.000000 0.549575 1.216538)
(-116.500000 0.540181 1.223950)
(-116.000000 0.530788 1.231362)
(-115.500000 0.521394 1.238775)
(-115.000000 0.512000 1.246188)
(-114.500000 0.501613 1.252261)
(-114.000000 0.491225 1.258334)
(-113.500000 0.480838 1.264407)
(-113.000000 0.470450 1.270480)
(-112.500000 0.460062 1.276553)
(-112.000000 0.449675 1.282626)
(-111.500000 0.439287 1.288699)
(-111.000000 0.428900 1.294773)
(-110.500000 0.418513 1.300846)
(-110.000000 0.408125 1.306919)
(-109.500000 0.397031 1.311573)
(-109.000000 0.385937 1.316228)
(-108.500000 0.374844 1.320882)
(-108.000000 0.363750 1.325536)
(-107.500000 0.352656 1.330191)
(-107.000000 0.341562 1.334845)
(-106.500000 0.330469 1.339499)
(-106.000000 0.319375 1.344154)
(-105.500000 0.308281 1.348808)
(-105.000000 0.297187 1.353463)
(-104.500000 0.285400 1.356668)
(-104.000000 0.273612 1.359873)
(-103.500000 0.261825 1.363077)
(-103.000000 0.250038 1.366282)
(-102.500000 0.238250 1.369487)
(-102.000000 0.226462 1.372692)
(-101.500000 0.214675 1.375897)
(-101.000000 0.202887 1.379103)
(-100.500000 0.191100 1.382307)
(-100.000000 0.179312 1.385512)
(-99.500000 0.167231 1.387219)
(-99.000000 0.155150 1.388925)
(-98.500000 0.143069 1.390631)
(-98.000000 0.130987 1.392338)
(-97.500000 0.118906 1.394044)
(-97.000000 0.106825 1.395750)
(-96.500000 0.094744 1.397456)
(-96.000000 0.082662 1.399163)
(-95.500000 0.070581 1.400869)
(-95.000000 0.058500 1.402575)
(-94.500000 0.046319 1.402774)
(-94.000000 0.034137 1.402973)
(-93.500000 0.021956 1.403171)
(-93.000000 0.009775 1.403370)
(-92.500000 -0.002406 1.403569)
(-92.000000 -0.014588 1.403768)
(-91.500000 -0.026769 1.403966)
(-91.000000 -0.038950 1.404165)
(-90.500000 -0.051131 1.404364)
(-90.000000 -0.063313 1.404562)
(-89.500000 -0.075488 1.403254)
(-89.000000 -0.087663 1.401945)
(-88.500000 -0.099837 1.400636)
(-88.000000 -0.112013 1.399328)
(-87.500000 -0.124188 1.398019)
(-87.000000 -0.136362 1.396710)
(-86.500000 -0.148538 1.395401)
(-86.000000 -0.160713 1.394092)
(-85.500000 -0.172888 1.392784)
(-85.000000 -0.185062 1.391475)
(-84.500000 -0.196938 1.388689)
(-84.000000 -0.208813 1.385902)
(-83.500000 -0.220688 1.383116)
(-83.000000 -0.232563 1.380330)
(-82.500000 -0.244438 1.377544)
(-82.000000 -0.256313 1.374757)
(-81.500000 -0.268187 1.371971)
(-81.000000 -0.280062 1.369185)
(-80.500000 -0.291937 1.366399)
(-80.000000 -0.303813 1.363613)
(-79.500000 -0.315188 1.359359)
(-79.000000 -0.326562 1.355106)
(-78.500000 -0.337937 1.350853)
(-78.000000 -0.349313 1.346600)
(-77.500000 -0.360687 1.342347)
(-77.000000 -0.372063 1.338094)
(-76.500000 -0.383437 1.333841)
(-76.000000 -0.394813 1.329588)
(-75.500000 -0.406188 1.325334)
(-75.000000 -0.417563 1.321081)
(-74.500000 -0.428238 1.315431)
(-74.000000 -0.438913 1.309781)
(-73.500000 -0.449587 1.304131)
(-73.000000 -0.460262 1.298481)
(-72.500000 -0.470938 1.292831)
(-72.000000 -0.481612 1.287181)
(-71.500000 -0.492288 1.281531)
(-71.000000 -0.502963 1.275881)
(-70.500000 -0.513637 1.270231)
(-70.000000 -0.524312 1.264581)
(-69.500000 -0.534181 1.257596)
(-69.000000 -0.544050 1.250610)
(-68.500000 -0.553919 1.243624)
(-68.000000 -0.563787 1.236639)
(-67.500000 -0.573656 1.229653)
(-67.000000 -0.583525 1.222668)
(-66.500000 -0.593394 1.215682)
(-66.000000 -0.603263 1.208696)
(-65.500000 -0.613131 1.201711)
(-65.000000 -0.623000 1.194725)
(-64.500000 -0.631575 1.186502)
(-64.000000 -0.640150 1.178280)
(-63.500000 -0.648725 1.170057)
(-63.000000 -0.657300 1.161835)
(-62.500000 -0.665875 1.153612)
(-62.000000 -0.674450 1.145390)
(-61.500000 -0.683025 1.137168)
(-61.000000 -0.691600 1.128945)
(-60.500000 -0.700175 1.120723)
(-60.000000 -0.708750 1.112500)
(-59.500000 -0.716019 1.103143)
(-59.000000 -0.723288 1.093785)
(-58.500000 -0.730556 1.084428)
(-58.000000 -0.737825 1.075070)
(-57.500000 -0.745094 1.065712)
(-57.000000 -0.752362 1.056355)
(-56.500000 -0.759631 1.046998)
(-56.000000 -0.766900 1.037640)
(-55.500000 -0.774169 1.028282)
(-55.000000 -0.781438 1.018925)
(-54.500000 -0.787106 1.008601)
(-54.000000 -0.792775 0.998278)
(-53.500000 -0.798444 0.987954)
(-53.000000 -0.804113 0.977630)
(-52.500000 -0.809781 0.967306)
(-52.000000 -0.815450 0.956982)
(-51.500000 -0.821119 0.946659)
(-51.000000 -0.826788 0.936335)
(-50.500000 -0.832456 0.926011)
(-50.000000 -0.838125 0.915687)
(-49.500000 -0.842000 0.904569)
(-49.000000 -0.845875 0.893451)
(-48.500000 -0.849750 0.882333)
(-48.000000 -0.853625 0.871215)
(-47.500000 -0.857500 0.860097)
(-47.000000 -0.861375 0.848979)
(-46.500000 -0.865250 0.837861)
(-46.000000 -0.869125 0.826743)
(-45.500000 -0.873000 0.815624)
(-45.000000 -0.876875 0.804506)
(-44.500000 -0.878650 0.792822)
(-44.000000 -0.880425 0.781138)
(-43.500000 -0.882200 0.769453)
(-43.000000 -0.883975 0.757769)
(-42.500000 -0.885750 0.746084)
(-42.000000 -0.887525 0.734400)
(-41.500000 -0.889300 0.722716)
(-41.000000 -0.891075 0.711031)
(-40.500000 -0.892850 0.699347)
(-40.000000 -0.894625 0.687662)
(-39.500000 -0.894006 0.675674)
(-39.000000 -0.893388 0.663685)
(-38.500000 -0.892769 0.651696)
(-38.000000 -0.892150 0.639707)
(-37.500000 -0.891531 0.627719)
(-37.000000 -0.890912 0.615730)
(-36.500000 -0.890294 0.603741)
(-36.000000 -0.889675 0.591752)
(-35.500000 -0.889056 0.579764)
(-35.000000 -0.888437 0.567775)
(-34.500000 -0.885319 0.555801)
(-34.000000 -0.882200 0.543828)
(-33.500000 -0.879081 0.531854)
(-33.000000 -0.875962 0.519880)
(-32.500000 -0.872844 0.507906)
(-32.000000 -0.869725 0.495932)
(-31.500000 -0.866606 0.483959)
(-31.000000 -0.863487 0.471985)
(-30.500000 -0.860369 0.460011)
(-30.000000 -0.857250 0.448037)
(-29.500000 -0.854425 0.436599)
(-29.000000 -0.851600 0.425161)
(-28.500000 -0.848775 0.413723)
(-28.000000 -0.845950 0.402285)
(-27.500000 -0.843125 0.390847)
(-27.000000 -0.840300 0.379409)
(-26.500000 -0.837475 0.367971)
(-26.000000 -0.834650 0.356532)
(-25.500000 -0.831825 0.345094)
(-25.000000 -0.829000 0.333656)
(-24.500000 -0.837875 0.323147)
(-24.000000 -0.846750 0.312637)
(-23.500000 -0.860281 0.302562)
(-23.000000 -0.873812 0.292487)
(-22.500000 -0.890594 0.282756)
(-22.000000 -0.907375 0.273025)
(-21.500000 -0.927406 0.263684)
(-21.000000 -0.947437 0.254344)
(-20.500000 -0.970219 0.245394)
(-20.000000 -0.993000 0.236444)
(-19.500000 -1.017625 0.227884)
(-19.000000 -1.042250 0.219325)
(-18.500000 -1.068719 0.211162)
(-18.000000 -1.095187 0.203000)
(-17.500000 -1.122562 0.195187)
(-17.000000 -1.149937 0.187375)
(-16.500000 -1.177344 0.179969)
(-16.000000 -1.204750 0.172562)
(-15.500000 -1.232187 0.165516)
(-15.000000 -1.231407 0.157387)
(-14.500000 -1.202472 0.148209)
(-14.000000 -1.168900 0.138764)
(-13.500000 -1.130306 0.129067)
(-13.000000 -1.088761 0.119149)
(-12.500000 -1.044018 0.109022)
(-12.000000 -1.000744 0.099778)
(-11.500000 -0.959337 0.091697)
(-11.000000 -0.916251 0.084095)
(-10.500000 -0.871058 0.077141)
(-10.000000 -0.826454 0.070677)
(-9.500000 -0.780849 0.064411)
(-9.000000 -0.747412 0.053998)
(-8.500000 -0.740653 0.038093)
(-8.000000 -0.724837 0.026306)
(-7.500000 -0.692922 0.021842)
(-7.000000 -0.648471 0.018536)
(-6.500000 -0.582829 0.017104)
(-6.000000 -0.516862 0.012686)
(-5.500000 -0.446745 0.011365)
(-5.000000 -0.380568 0.010486)
(-4.500000 -0.316850 0.009839)
(-4.000000 -0.257260 0.009613)
(-3.500000 -0.196070 0.009347)
(-3.000000 -0.127500 0.009844)
(-2.500000 -0.058000 0.009425)
(-2.000000 0.010250 0.009250)
(-1.500000 0.078500 0.009106)
(-1.000000 0.145750 0.008988)
(-0.500000 0.212875 0.008900)
(0.000000 0.282250 0.008744)
(0.500000 0.348437 0.008756)
(1.000000 0.415625 0.008863)
(1.500000 0.481812 0.008962)
(2.000000 0.548875 0.009063)
(2.500000 0.614062 0.009169)
(3.000000 0.680187 0.009269)
(3.500000 0.744312 0.009369)
(4.000000 0.810437 0.009562)
(4.500000 0.874625 0.009669)
(5.000000 0.939688 0.009769)
(5.500000 1.003812 0.009963)
(6.000000 1.067937 0.010156)
(6.500000 1.131000 0.010363)
(7.000000 1.193063 0.010750)
(7.500000 1.252375 0.011231)
(8.000000 1.302187 0.012469)
(8.500000 1.345656 0.013912)
(9.000000 1.388625 0.015362)
(9.500000 1.423875 0.016925)
(10.000000 1.459062 0.018975)
(10.500000 1.490187 0.021619)
(11.000000 1.515625 0.025119)
(11.500000 1.537750 0.030200)
(12.000000 1.554813 0.036369)
(12.500000 1.565313 0.044369)
(13.000000 1.484375 0.061550)
(13.500000 1.417938 0.076550)
(14.000000 1.376375 0.091119)
(14.500000 1.358938 0.106256)
(15.000000 1.355125 0.122278)
(15.500000 1.347563 0.139987)
(16.000000 1.349000 0.157856)
(16.500000 1.344438 0.173406)
(17.000000 1.338313 0.189744)
(17.500000 1.346000 0.204387)
(18.000000 1.346500 0.219412)
(18.500000 1.352906 0.233609)
(19.000000 1.373375 0.247150)
(19.500000 1.392437 0.260413)
(20.000000 1.408438 0.271375)
(20.500000 1.434687 0.284225)
(21.000000 1.445000 0.297450)
(21.500000 1.436031 0.312819)
(22.000000 1.427063 0.328188)
(22.500000 1.417063 0.343963)
(23.000000 1.407062 0.359737)
(23.500000 1.397031 0.375863)
(24.000000 1.387000 0.391988)
(24.500000 1.376500 0.408363)
(25.000000 1.366000 0.424738)
(25.500000 1.355469 0.441266)
(26.000000 1.344938 0.457794)
(26.500000 1.335609 0.474489)
(27.000000 1.326281 0.491184)
(27.500000 1.316953 0.507880)
(28.000000 1.307625 0.524575)
(28.500000 1.300984 0.541280)
(29.000000 1.294344 0.557984)
(29.500000 1.287703 0.574689)
(30.000000 1.281062 0.591394)
(30.500000 1.278359 0.607806)
(31.000000 1.275656 0.624219)
(31.500000 1.272953 0.640631)
(32.000000 1.270250 0.657044)
(32.500000 1.272125 0.672994)
(33.000000 1.274000 0.688944)
(33.500000 1.275875 0.704894)
(34.000000 1.277750 0.720844)
(34.500000 1.279625 0.736794)
(35.000000 1.281500 0.752744)
(35.500000 1.280844 0.768232)
(36.000000 1.280188 0.783721)
(36.500000 1.279531 0.799210)
(37.000000 1.278875 0.814699)
(37.500000 1.278219 0.830188)
(38.000000 1.277563 0.845676)
(38.500000 1.276906 0.861165)
(39.000000 1.276250 0.876654)
(39.500000 1.275594 0.892143)
(40.000000 1.274938 0.907631)
(40.500000 1.270731 0.922086)
(41.000000 1.266525 0.936541)
(41.500000 1.262319 0.950996)
(42.000000 1.258113 0.965451)
(42.500000 1.253906 0.979906)
(43.000000 1.249700 0.994361)
(43.500000 1.245494 1.008816)
(44.000000 1.241288 1.023271)
(44.500000 1.237081 1.037726)
(45.000000 1.232875 1.052181)
(45.500000 1.225625 1.065111)
(46.000000 1.218375 1.078041)
(46.500000 1.211125 1.090971)
(47.000000 1.203875 1.103901)
(47.500000 1.196625 1.116831)
(48.000000 1.189375 1.129761)
(48.500000 1.182125 1.142691)
(49.000000 1.174875 1.155621)
(49.500000 1.167625 1.168551)
(50.000000 1.160375 1.181481)
(50.500000 1.150487 1.192448)
(51.000000 1.140600 1.203415)
(51.500000 1.130713 1.214382)
(52.000000 1.120825 1.225349)
(52.500000 1.110937 1.236316)
(53.000000 1.101050 1.247283)
(53.500000 1.091163 1.258249)
(54.000000 1.081275 1.269216)
(54.500000 1.071388 1.280183)
(55.000000 1.061500 1.291150)
(55.500000 1.049581 1.299806)
(56.000000 1.037662 1.308461)
(56.500000 1.025744 1.317117)
(57.000000 1.013825 1.325773)
(57.500000 1.001906 1.334428)
(58.000000 0.989988 1.343084)
(58.500000 0.978069 1.351739)
(59.000000 0.966150 1.360395)
(59.500000 0.954231 1.369051)
(60.000000 0.942313 1.377706)
(60.500000 0.928788 1.383815)
(61.000000 0.915263 1.389924)
(61.500000 0.901738 1.396033)
(62.000000 0.888213 1.402141)
(62.500000 0.874688 1.408250)
(63.000000 0.861163 1.414359)
(63.500000 0.847638 1.420468)
(64.000000 0.834113 1.426576)
(64.500000 0.820588 1.432685)
(65.000000 0.807063 1.438794)
(65.500000 0.792638 1.442175)
(66.000000 0.778213 1.445556)
(66.500000 0.763787 1.448937)
(67.000000 0.749363 1.452319)
(67.500000 0.734938 1.455700)
(68.000000 0.720513 1.459081)
(68.500000 0.706087 1.462463)
(69.000000 0.691663 1.465844)
(69.500000 0.677238 1.469225)
(70.000000 0.662813 1.472606)
(70.500000 0.647813 1.473253)
(71.000000 0.632813 1.473899)
(71.500000 0.617812 1.474545)
(72.000000 0.602813 1.475191)
(72.500000 0.587812 1.475837)
(73.000000 0.572813 1.476484)
(73.500000 0.557813 1.477130)
(74.000000 0.542813 1.477776)
(74.500000 0.527813 1.478423)
(75.000000 0.512813 1.479069)
(75.500000 0.497944 1.477151)
(76.000000 0.483075 1.475234)
(76.500000 0.468206 1.473316)
(77.000000 0.453338 1.471399)
(77.500000 0.438469 1.469481)
(78.000000 0.423600 1.467564)
(78.500000 0.408731 1.465646)
(79.000000 0.393863 1.463729)
(79.500000 0.378994 1.461811)
(80.000000 0.364125 1.459894)
(80.500000 0.349913 1.456116)
(81.000000 0.335700 1.452337)
(81.500000 0.321487 1.448559)
(82.000000 0.307275 1.444781)
(82.500000 0.293062 1.441003)
(83.000000 0.278850 1.437225)
(83.500000 0.264638 1.433447)
(84.000000 0.250425 1.429669)
(84.500000 0.236212 1.425891)
(85.000000 0.222000 1.422113)
(85.500000 0.209056 1.419346)
(86.000000 0.196113 1.416579)
(86.500000 0.183169 1.413812)
(87.000000 0.170225 1.411045)
(87.500000 0.157281 1.408278)
(88.000000 0.144338 1.405511)
(88.500000 0.131394 1.402744)
(89.000000 0.118450 1.399978)
(89.500000 0.105506 1.397211)
(90.000000 0.092563 1.394444)
(90.500000 0.080356 1.394498)
(91.000000 0.068150 1.394553)
(91.500000 0.055944 1.394607)
(92.000000 0.043738 1.394661)
(92.500000 0.031531 1.394716)
(93.000000 0.019325 1.394770)
(93.500000 0.007119 1.394824)
(94.000000 -0.005088 1.394879)
(94.500000 -0.017294 1.394933)
(95.000000 -0.029500 1.394988)
(95.500000 -0.041506 1.393541)
(96.000000 -0.053512 1.392095)
(96.500000 -0.065519 1.390649)
(97.000000 -0.077525 1.389203)
(97.500000 -0.089531 1.387756)
(98.000000 -0.101537 1.386310)
(98.500000 -0.113544 1.384864)
(99.000000 -0.125550 1.383417)
(99.500000 -0.137556 1.381971)
(100.000000 -0.149562 1.380525)
(100.500000 -0.161269 1.377588)
(101.000000 -0.172975 1.374651)
(101.500000 -0.184681 1.371714)
(102.000000 -0.196387 1.368778)
(102.500000 -0.208094 1.365841)
(103.000000 -0.219800 1.362904)
(103.500000 -0.231506 1.359967)
(104.000000 -0.243213 1.357030)
(104.500000 -0.254919 1.354093)
(105.000000 -0.266625 1.351156)
(105.500000 -0.277831 1.346749)
(106.000000 -0.289038 1.342341)
(106.500000 -0.300244 1.337934)
(107.000000 -0.311450 1.333526)
(107.500000 -0.322656 1.329119)
(108.000000 -0.333863 1.324711)
(108.500000 -0.345069 1.320304)
(109.000000 -0.356275 1.315896)
(109.500000 -0.367481 1.311489)
(110.000000 -0.378688 1.307081)
(110.500000 -0.389100 1.301262)
(111.000000 -0.399512 1.295444)
(111.500000 -0.409925 1.289625)
(112.000000 -0.420337 1.283806)
(112.500000 -0.430750 1.277988)
(113.000000 -0.441163 1.272169)
(113.500000 -0.451575 1.266350)
(114.000000 -0.461987 1.260531)
(114.500000 -0.472400 1.254713)
(115.000000 -0.482812 1.248894)
(115.500000 -0.492312 1.241714)
(116.000000 -0.501812 1.234535)
(116.500000 -0.511312 1.227356)
(117.000000 -0.520813 1.220176)
(117.500000 -0.530312 1.212997)
(118.000000 -0.539812 1.205817)
(118.500000 -0.549312 1.198638)
(119.000000 -0.558812 1.191459)
(119.500000 -0.568312 1.184279)
(120.000000 -0.577812 1.177100)
(120.500000 -0.586025 1.168659)
(121.000000 -0.594237 1.160219)
(121.500000 -0.602450 1.151778)
(122.000000 -0.610662 1.143337)
(122.500000 -0.618875 1.134897)
(123.000000 -0.627087 1.126456)
(123.500000 -0.635300 1.118016)
(124.000000 -0.643512 1.109575)
(124.500000 -0.651725 1.101134)
(125.000000 -0.659938 1.092694)
(125.500000 -0.666644 1.083122)
(126.000000 -0.673350 1.073550)
(126.500000 -0.680056 1.063978)
(127.000000 -0.686763 1.054406)
(127.500000 -0.693469 1.044834)
(128.000000 -0.700175 1.035262)
(128.500000 -0.706881 1.025691)
(129.000000 -0.713588 1.016119)
(129.500000 -0.720294 1.006547)
(130.000000 -0.727000 0.996975)
(130.500000 -0.732006 0.986412)
(131.000000 -0.737012 0.975849)
(131.500000 -0.742019 0.965286)
(132.000000 -0.747025 0.954722)
(132.500000 -0.752031 0.944159)
(133.000000 -0.757038 0.933596)
(133.500000 -0.762044 0.923033)
(134.000000 -0.767050 0.912470)
(134.500000 -0.772056 0.901907)
(135.000000 -0.777062 0.891344)
(135.500000 -0.780069 0.879989)
(136.000000 -0.783075 0.868635)
(136.500000 -0.786081 0.857281)
(137.000000 -0.789087 0.845926)
(137.500000 -0.792094 0.834572)
(138.000000 -0.795100 0.823217)
(138.500000 -0.798106 0.811863)
(139.000000 -0.801113 0.800509)
(139.500000 -0.804119 0.789154)
(140.000000 -0.807125 0.777800)
(140.500000 -0.807931 0.765894)
(141.000000 -0.808738 0.753989)
(141.500000 -0.809544 0.742083)
(142.000000 -0.810350 0.730178)
(142.500000 -0.811156 0.718272)
(143.000000 -0.811963 0.706366)
(143.500000 -0.812769 0.694461)
(144.000000 -0.813575 0.682555)
(144.500000 -0.814381 0.670649)
(145.000000 -0.815187 0.658744)
(145.500000 -0.813387 0.646567)
(146.000000 -0.811588 0.634391)
(146.500000 -0.809787 0.622215)
(147.000000 -0.807987 0.610039)
(147.500000 -0.806188 0.597863)
(148.000000 -0.804387 0.585686)
(148.500000 -0.802588 0.573510)
(149.000000 -0.800787 0.561334)
(149.500000 -0.798988 0.549157)
(150.000000 -0.797188 0.536981)
(150.500000 -0.792494 0.524903)
(151.000000 -0.787800 0.512824)
(151.500000 -0.783106 0.500745)
(152.000000 -0.778413 0.488666)
(152.500000 -0.773719 0.476587)
(153.000000 -0.769025 0.464509)
(153.500000 -0.764331 0.452430)
(154.000000 -0.759638 0.440351)
(154.500000 -0.754944 0.428273)
(155.000000 -0.750250 0.416194)
(155.500000 -0.742550 0.404616)
(156.000000 -0.734850 0.393038)
(156.500000 -0.727150 0.381459)
(157.000000 -0.719450 0.369881)
(157.500000 -0.711750 0.358303)
(158.000000 -0.704050 0.346725)
(158.500000 -0.696350 0.335147)
(159.000000 -0.688650 0.323569)
(159.500000 -0.680950 0.311991)
(160.000000 -0.673250 0.300412)
(160.500000 -0.666531 0.290657)
(161.000000 -0.659813 0.280903)
(161.500000 -0.653094 0.271147)
(162.000000 -0.646375 0.261392)
(162.500000 -0.639656 0.251637)
(163.000000 -0.632938 0.241883)
(163.500000 -0.626219 0.232128)
(164.000000 -0.619500 0.222373)
(164.500000 -0.612781 0.212618)
(165.000000 -0.606063 0.202863)
(165.500000 -0.599344 0.193107)
(166.000000 -0.592625 0.183353)
(166.500000 -0.585906 0.173597)
(167.000000 -0.579188 0.163843)
(167.500000 -0.572469 0.154087)
(168.000000 -0.565750 0.144333)
(168.500000 -0.559031 0.134578)
(169.000000 -0.552313 0.124823)
(169.500000 -0.545594 0.115068)
(170.000000 -0.538875 0.105312)
(170.500000 -0.512106 0.098738)
(171.000000 -0.485338 0.092162)
(171.500000 -0.458569 0.085587)
(172.000000 -0.431800 0.079012)
(172.500000 -0.405031 0.072438)
(173.000000 -0.378263 0.065863)
(173.500000 -0.351494 0.059288)
(174.000000 -0.324725 0.052713)
(174.500000 -0.297956 0.046138)
(175.000000 -0.271187 0.039563)
(175.500000 -0.244069 0.038364)
(176.000000 -0.216950 0.037165)
(176.500000 -0.189831 0.035966)
(177.000000 -0.162713 0.034768)
(177.500000 -0.135594 0.033569)
(178.000000 -0.108475 0.032370)
(178.500000 -0.081356 0.031171)
(179.000000 -0.054237 0.029973)
(179.500000 -0.027119 0.028774)
(180.000000 0.000000 0.027575)
