// Polars table of section_14 for NREL 5MW 
// AOA    Cl    Cd 
(-180.000000 0.000000 0.032825)
(-179.500000 0.025169 0.033842)
(-179.000000 0.050338 0.034859)
(-178.500000 0.075506 0.035876)
(-178.000000 0.100675 0.036892)
(-177.500000 0.125844 0.037909)
(-177.000000 0.151013 0.038926)
(-176.500000 0.176181 0.039943)
(-176.000000 0.201350 0.040960)
(-175.500000 0.226519 0.041977)
(-175.000000 0.251688 0.042994)
(-174.500000 0.275006 0.048755)
(-174.000000 0.298325 0.054516)
(-173.500000 0.321644 0.060277)
(-173.000000 0.344963 0.066039)
(-172.500000 0.368281 0.071800)
(-172.000000 0.391600 0.077561)
(-171.500000 0.414919 0.083322)
(-171.000000 0.438238 0.089084)
(-170.500000 0.461556 0.094845)
(-170.000000 0.484875 0.100606)
(-169.500000 0.494291 0.110188)
(-169.000000 0.503706 0.119769)
(-168.500000 0.513122 0.129351)
(-168.000000 0.522538 0.138933)
(-167.500000 0.531953 0.148514)
(-167.000000 0.541369 0.158096)
(-166.500000 0.550784 0.167677)
(-166.000000 0.560200 0.177259)
(-165.500000 0.569616 0.186840)
(-165.000000 0.579031 0.196422)
(-164.500000 0.588447 0.206003)
(-164.000000 0.597862 0.215585)
(-163.500000 0.607278 0.225167)
(-163.000000 0.616694 0.234748)
(-162.500000 0.626109 0.244330)
(-162.000000 0.635525 0.253911)
(-161.500000 0.644941 0.263493)
(-161.000000 0.654356 0.273074)
(-160.500000 0.663772 0.282656)
(-160.000000 0.673188 0.292238)
(-159.500000 0.681025 0.303684)
(-159.000000 0.688863 0.315130)
(-158.500000 0.696700 0.326576)
(-158.000000 0.704538 0.338023)
(-157.500000 0.712375 0.349469)
(-157.000000 0.720213 0.360915)
(-156.500000 0.728050 0.372361)
(-156.000000 0.735888 0.383808)
(-155.500000 0.743725 0.395254)
(-155.000000 0.751563 0.406700)
(-154.500000 0.756344 0.418683)
(-154.000000 0.761125 0.430665)
(-153.500000 0.765906 0.442647)
(-153.000000 0.770687 0.454630)
(-152.500000 0.775469 0.466612)
(-152.000000 0.780250 0.478595)
(-151.500000 0.785031 0.490577)
(-151.000000 0.789813 0.502560)
(-150.500000 0.794594 0.514542)
(-150.000000 0.799375 0.526525)
(-149.500000 0.801244 0.538627)
(-149.000000 0.803113 0.550729)
(-148.500000 0.804981 0.562831)
(-148.000000 0.806850 0.574932)
(-147.500000 0.808719 0.587034)
(-147.000000 0.810588 0.599136)
(-146.500000 0.812456 0.611238)
(-146.000000 0.814325 0.623340)
(-145.500000 0.816194 0.635442)
(-145.000000 0.818063 0.647544)
(-144.500000 0.817487 0.659419)
(-144.000000 0.816913 0.671295)
(-143.500000 0.816337 0.683171)
(-143.000000 0.815762 0.695046)
(-142.500000 0.815187 0.706922)
(-142.000000 0.814612 0.718797)
(-141.500000 0.814037 0.730673)
(-141.000000 0.813462 0.742549)
(-140.500000 0.812887 0.754424)
(-140.000000 0.812312 0.766300)
(-139.500000 0.809425 0.777644)
(-139.000000 0.806538 0.788988)
(-138.500000 0.803650 0.800331)
(-138.000000 0.800763 0.811675)
(-137.500000 0.797875 0.823019)
(-137.000000 0.794987 0.834362)
(-136.500000 0.792100 0.845706)
(-136.000000 0.789213 0.857050)
(-135.500000 0.786325 0.868394)
(-135.000000 0.783438 0.879738)
(-134.500000 0.778594 0.890308)
(-134.000000 0.773750 0.900879)
(-133.500000 0.768906 0.911449)
(-133.000000 0.764063 0.922020)
(-132.500000 0.759219 0.932591)
(-132.000000 0.754375 0.943161)
(-131.500000 0.749531 0.953732)
(-131.000000 0.744687 0.964303)
(-130.500000 0.739844 0.974873)
(-130.000000 0.735000 0.985444)
(-129.500000 0.728356 0.995050)
(-129.000000 0.721712 1.004656)
(-128.500000 0.715069 1.014262)
(-128.000000 0.708425 1.023869)
(-127.500000 0.701781 1.033475)
(-127.000000 0.695137 1.043081)
(-126.500000 0.688494 1.052687)
(-126.000000 0.681850 1.062294)
(-125.500000 0.675206 1.071900)
(-125.000000 0.668562 1.081506)
(-124.500000 0.660462 1.089999)
(-124.000000 0.652362 1.098493)
(-123.500000 0.644262 1.106986)
(-123.000000 0.636162 1.115479)
(-122.500000 0.628062 1.123972)
(-122.000000 0.619962 1.132465)
(-121.500000 0.611862 1.140958)
(-121.000000 0.603762 1.149451)
(-120.500000 0.595662 1.157944)
(-120.000000 0.587562 1.166438)
(-119.500000 0.578206 1.173685)
(-119.000000 0.568850 1.180933)
(-118.500000 0.559494 1.188180)
(-118.000000 0.550138 1.195428)
(-117.500000 0.540781 1.202675)
(-117.000000 0.531425 1.209923)
(-116.500000 0.522069 1.217170)
(-116.000000 0.512713 1.224417)
(-115.500000 0.503356 1.231665)
(-115.000000 0.494000 1.238913)
(-114.500000 0.483688 1.244824)
(-114.000000 0.473375 1.250736)
(-113.500000 0.463063 1.256648)
(-113.000000 0.452750 1.262560)
(-112.500000 0.442438 1.268472)
(-112.000000 0.432125 1.274384)
(-111.500000 0.421813 1.280296)
(-111.000000 0.411500 1.286207)
(-110.500000 0.401188 1.292119)
(-110.000000 0.390875 1.298031)
(-109.500000 0.379819 1.302532)
(-109.000000 0.368762 1.307033)
(-108.500000 0.357706 1.311533)
(-108.000000 0.346650 1.316034)
(-107.500000 0.335594 1.320534)
(-107.000000 0.324538 1.325035)
(-106.500000 0.313481 1.329536)
(-106.000000 0.302425 1.334036)
(-105.500000 0.291369 1.338537)
(-105.000000 0.280313 1.343037)
(-104.500000 0.268600 1.346093)
(-104.000000 0.256887 1.349147)
(-103.500000 0.245175 1.352202)
(-103.000000 0.233463 1.355258)
(-102.500000 0.221750 1.358312)
(-102.000000 0.210038 1.361368)
(-101.500000 0.198325 1.364422)
(-101.000000 0.186613 1.367478)
(-100.500000 0.174900 1.370532)
(-100.000000 0.163188 1.373587)
(-99.500000 0.151219 1.375151)
(-99.000000 0.139250 1.376715)
(-98.500000 0.127281 1.378279)
(-98.000000 0.115313 1.379843)
(-97.500000 0.103344 1.381406)
(-97.000000 0.091375 1.382970)
(-96.500000 0.079406 1.384534)
(-96.000000 0.067438 1.386097)
(-95.500000 0.055469 1.387661)
(-95.000000 0.043500 1.389225)
(-94.500000 0.031431 1.389296)
(-94.000000 0.019363 1.389368)
(-93.500000 0.007294 1.389439)
(-93.000000 -0.004775 1.389510)
(-92.500000 -0.016844 1.389581)
(-92.000000 -0.028912 1.389652)
(-91.500000 -0.040981 1.389724)
(-91.000000 -0.053050 1.389795)
(-90.500000 -0.065119 1.389866)
(-90.000000 -0.077187 1.389938)
(-89.500000 -0.089213 1.388516)
(-89.000000 -0.101237 1.387095)
(-88.500000 -0.113262 1.385674)
(-88.000000 -0.125287 1.384253)
(-87.500000 -0.137312 1.382831)
(-87.000000 -0.149337 1.381410)
(-86.500000 -0.161362 1.379989)
(-86.000000 -0.173387 1.378567)
(-85.500000 -0.185412 1.377146)
(-85.000000 -0.197437 1.375725)
(-84.500000 -0.209162 1.372841)
(-84.000000 -0.220888 1.369958)
(-83.500000 -0.232612 1.367074)
(-83.000000 -0.244337 1.364190)
(-82.500000 -0.256063 1.361306)
(-82.000000 -0.267788 1.358423)
(-81.500000 -0.279512 1.355539)
(-81.000000 -0.291238 1.352655)
(-80.500000 -0.302962 1.349771)
(-80.000000 -0.314688 1.346888)
(-79.500000 -0.325912 1.342556)
(-79.000000 -0.337137 1.338224)
(-78.500000 -0.348362 1.333892)
(-78.000000 -0.359588 1.329560)
(-77.500000 -0.370812 1.325228)
(-77.000000 -0.382038 1.320896)
(-76.500000 -0.393262 1.316564)
(-76.000000 -0.404487 1.312233)
(-75.500000 -0.415713 1.307901)
(-75.000000 -0.426937 1.303569)
(-74.500000 -0.437462 1.297859)
(-74.000000 -0.447987 1.292149)
(-73.500000 -0.458512 1.286439)
(-73.000000 -0.469037 1.280729)
(-72.500000 -0.479563 1.275019)
(-72.000000 -0.490088 1.269309)
(-71.500000 -0.500613 1.263599)
(-71.000000 -0.511138 1.257889)
(-70.500000 -0.521663 1.252179)
(-70.000000 -0.532188 1.246469)
(-69.500000 -0.541869 1.239449)
(-69.000000 -0.551550 1.232430)
(-68.500000 -0.561231 1.225411)
(-68.000000 -0.570913 1.218391)
(-67.500000 -0.580594 1.211372)
(-67.000000 -0.590275 1.204353)
(-66.500000 -0.599956 1.197333)
(-66.000000 -0.609638 1.190314)
(-65.500000 -0.619319 1.183294)
(-65.000000 -0.629000 1.176275)
(-64.500000 -0.637425 1.168038)
(-64.000000 -0.645850 1.159800)
(-63.500000 -0.654275 1.151563)
(-63.000000 -0.662700 1.143325)
(-62.500000 -0.671125 1.135088)
(-62.000000 -0.679550 1.126850)
(-61.500000 -0.687975 1.118613)
(-61.000000 -0.696400 1.110375)
(-60.500000 -0.704825 1.102137)
(-60.000000 -0.713250 1.093900)
(-59.500000 -0.720331 1.084558)
(-59.000000 -0.727413 1.075215)
(-58.500000 -0.734494 1.065873)
(-58.000000 -0.741575 1.056530)
(-57.500000 -0.748656 1.047187)
(-57.000000 -0.755737 1.037845)
(-56.500000 -0.762819 1.028502)
(-56.000000 -0.769900 1.019160)
(-55.500000 -0.776981 1.009818)
(-55.000000 -0.784063 1.000475)
(-54.500000 -0.789544 0.990189)
(-54.000000 -0.795025 0.979903)
(-53.500000 -0.800506 0.969616)
(-53.000000 -0.805988 0.959330)
(-52.500000 -0.811469 0.949044)
(-52.000000 -0.816950 0.938757)
(-51.500000 -0.822431 0.928471)
(-51.000000 -0.827913 0.918185)
(-50.500000 -0.833394 0.907899)
(-50.000000 -0.838875 0.897613)
(-49.500000 -0.842600 0.886566)
(-49.000000 -0.846325 0.875519)
(-48.500000 -0.850050 0.864472)
(-48.000000 -0.853775 0.853425)
(-47.500000 -0.857500 0.842378)
(-47.000000 -0.861225 0.831331)
(-46.500000 -0.864950 0.820284)
(-46.000000 -0.868675 0.809238)
(-45.500000 -0.872400 0.798191)
(-45.000000 -0.876125 0.787144)
(-44.500000 -0.877750 0.775553)
(-44.000000 -0.879375 0.763963)
(-43.500000 -0.881000 0.752372)
(-43.000000 -0.882625 0.740781)
(-42.500000 -0.884250 0.729191)
(-42.000000 -0.885875 0.717600)
(-41.500000 -0.887500 0.706009)
(-41.000000 -0.889125 0.694419)
(-40.500000 -0.890750 0.682828)
(-40.000000 -0.892375 0.671237)
(-39.500000 -0.891644 0.659376)
(-39.000000 -0.890913 0.647515)
(-38.500000 -0.890181 0.635654)
(-38.000000 -0.889450 0.623792)
(-37.500000 -0.888719 0.611931)
(-37.000000 -0.887987 0.600070)
(-36.500000 -0.887256 0.588209)
(-36.000000 -0.886525 0.576348)
(-35.500000 -0.885794 0.564486)
(-35.000000 -0.885063 0.552625)
(-34.500000 -0.881831 0.540809)
(-34.000000 -0.878600 0.528993)
(-33.500000 -0.875369 0.517176)
(-33.000000 -0.872138 0.505360)
(-32.500000 -0.868906 0.493544)
(-32.000000 -0.865675 0.481727)
(-31.500000 -0.862444 0.469911)
(-31.000000 -0.859212 0.458095)
(-30.500000 -0.855981 0.446279)
(-30.000000 -0.852750 0.434463)
(-29.500000 -0.848575 0.423156)
(-29.000000 -0.844400 0.411849)
(-28.500000 -0.840225 0.400542)
(-28.000000 -0.836050 0.389235)
(-27.500000 -0.831875 0.377928)
(-27.000000 -0.827700 0.366621)
(-26.500000 -0.823525 0.355314)
(-26.000000 -0.819350 0.344008)
(-25.500000 -0.815175 0.332701)
(-25.000000 -0.811000 0.321394)
(-24.500000 -0.813125 0.310828)
(-24.000000 -0.815250 0.300262)
(-23.500000 -0.819969 0.290037)
(-23.000000 -0.824688 0.279813)
(-22.500000 -0.831156 0.269894)
(-22.000000 -0.837625 0.259975)
(-21.500000 -0.845844 0.250391)
(-21.000000 -0.854063 0.240806)
(-20.500000 -0.863531 0.231556)
(-20.000000 -0.873000 0.222306)
(-19.500000 -0.883375 0.213391)
(-19.000000 -0.893750 0.204475)
(-18.500000 -0.905031 0.195938)
(-18.000000 -0.916313 0.187400)
(-17.500000 -0.927938 0.179212)
(-17.000000 -0.939563 0.171025)
(-16.500000 -0.951406 0.163281)
(-16.000000 -0.963250 0.155538)
(-15.500000 -0.975313 0.148209)
(-15.000000 -0.970444 0.140232)
(-14.500000 -0.949083 0.131825)
(-14.000000 -0.924940 0.123258)
(-13.500000 -0.897784 0.114780)
(-13.000000 -0.868857 0.106169)
(-12.500000 -0.838011 0.097633)
(-12.000000 -0.808046 0.089627)
(-11.500000 -0.779203 0.082558)
(-11.000000 -0.749351 0.075777)
(-10.500000 -0.718435 0.069625)
(-10.000000 -0.687872 0.063766)
(-9.500000 -0.656249 0.058711)
(-9.000000 -0.631927 0.051167)
(-8.500000 -0.623612 0.040328)
(-8.000000 -0.609862 0.031960)
(-7.500000 -0.586453 0.027985)
(-7.000000 -0.555522 0.024706)
(-6.500000 -0.511876 0.022551)
(-6.000000 -0.468037 0.018604)
(-5.500000 -0.421215 0.016555)
(-5.000000 -0.371973 0.015198)
(-4.500000 -0.333950 0.013673)
(-4.000000 -0.294820 0.012689)
(-3.500000 -0.238490 0.012031)
(-3.000000 -0.172500 0.015506)
(-2.500000 -0.100000 0.013175)
(-2.000000 -0.030250 0.011950)
(-1.500000 0.039500 0.010944)
(-1.000000 0.108250 0.010112)
(-0.500000 0.176125 0.009500)
(0.000000 0.247750 0.009006)
(0.500000 0.315063 0.009094)
(1.000000 0.383375 0.009237)
(1.500000 0.450688 0.009338)
(2.000000 0.518125 0.009437)
(2.500000 0.584438 0.009581)
(3.000000 0.651313 0.009681)
(3.500000 0.716187 0.009781)
(4.000000 0.783062 0.009938)
(4.500000 0.848375 0.010081)
(5.000000 0.913812 0.010181)
(5.500000 0.978688 0.010337)
(6.000000 1.043563 0.010494)
(6.500000 1.107000 0.010738)
(7.000000 1.169437 0.011050)
(7.500000 1.230625 0.011419)
(8.000000 1.285312 0.012281)
(8.500000 1.334594 0.013388)
(9.000000 1.380375 0.014537)
(9.500000 1.423125 0.015875)
(10.000000 1.465437 0.017625)
(10.500000 1.503312 0.019931)
(11.000000 1.537375 0.022831)
(11.500000 1.566250 0.027200)
(12.000000 1.589687 0.032581)
(12.500000 1.609187 0.039381)
(13.000000 1.570625 0.052850)
(13.500000 1.537562 0.065450)
(14.000000 1.510625 0.079231)
(14.500000 1.496563 0.095194)
(15.000000 1.487875 0.112547)
(15.500000 1.476938 0.130913)
(16.000000 1.469000 0.149794)
(16.500000 1.455062 0.168044)
(17.000000 1.442187 0.186406)
(17.500000 1.436000 0.204313)
(18.000000 1.427500 0.224288)
(18.500000 1.430344 0.240866)
(19.000000 1.441625 0.257050)
(19.500000 1.455062 0.272487)
(20.000000 1.471062 0.286225)
(20.500000 1.486812 0.301175)
(21.000000 1.493000 0.316350)
(21.500000 1.487219 0.333031)
(22.000000 1.481437 0.349712)
(22.500000 1.474438 0.366837)
(23.000000 1.467437 0.383962)
(23.500000 1.460219 0.401438)
(24.000000 1.453000 0.418912)
(24.500000 1.445500 0.436637)
(25.000000 1.438000 0.454363)
(25.500000 1.430281 0.472259)
(26.000000 1.422562 0.490156)
(26.500000 1.415766 0.508173)
(27.000000 1.408969 0.526191)
(27.500000 1.402172 0.544208)
(28.000000 1.395375 0.562225)
(28.500000 1.390891 0.580158)
(29.000000 1.386406 0.598091)
(29.500000 1.381922 0.616023)
(30.000000 1.377437 0.633956)
(30.500000 1.376516 0.651494)
(31.000000 1.375594 0.669031)
(31.500000 1.374672 0.686569)
(32.000000 1.373750 0.704106)
(32.500000 1.375875 0.721156)
(33.000000 1.378000 0.738206)
(33.500000 1.380125 0.755256)
(34.000000 1.382250 0.772306)
(34.500000 1.384375 0.789356)
(35.000000 1.386500 0.806406)
(35.500000 1.385506 0.822907)
(36.000000 1.384513 0.839409)
(36.500000 1.383519 0.855910)
(37.000000 1.382525 0.872411)
(37.500000 1.381531 0.888912)
(38.000000 1.380537 0.905414)
(38.500000 1.379544 0.921915)
(39.000000 1.378550 0.938416)
(39.500000 1.377556 0.954917)
(40.000000 1.376562 0.971419)
(40.500000 1.371719 0.986684)
(41.000000 1.366875 1.001949)
(41.500000 1.362031 1.017214)
(42.000000 1.357187 1.032479)
(42.500000 1.352344 1.047744)
(43.000000 1.347500 1.063009)
(43.500000 1.342656 1.078274)
(44.000000 1.337812 1.093539)
(44.500000 1.332969 1.108804)
(45.000000 1.328125 1.124069)
(45.500000 1.319975 1.137539)
(46.000000 1.311825 1.151009)
(46.500000 1.303675 1.164479)
(47.000000 1.295525 1.177949)
(47.500000 1.287375 1.191419)
(48.000000 1.279225 1.204889)
(48.500000 1.271075 1.218359)
(49.000000 1.262925 1.231829)
(49.500000 1.254775 1.245299)
(50.000000 1.246625 1.258769)
(50.500000 1.235612 1.269957)
(51.000000 1.224600 1.281145)
(51.500000 1.213587 1.292333)
(52.000000 1.202575 1.303521)
(52.500000 1.191562 1.314709)
(53.000000 1.180550 1.325897)
(53.500000 1.169538 1.337086)
(54.000000 1.158525 1.348274)
(54.500000 1.147512 1.359462)
(55.000000 1.136500 1.370650)
(55.500000 1.123269 1.379159)
(56.000000 1.110037 1.387669)
(56.500000 1.096806 1.396178)
(57.000000 1.083575 1.404687)
(57.500000 1.070344 1.413197)
(58.000000 1.057113 1.421706)
(58.500000 1.043881 1.430216)
(59.000000 1.030650 1.438725)
(59.500000 1.017419 1.447234)
(60.000000 1.004188 1.455744)
(60.500000 0.989313 1.461305)
(61.000000 0.974438 1.466866)
(61.500000 0.959562 1.472427)
(62.000000 0.944688 1.477989)
(62.500000 0.929812 1.483550)
(63.000000 0.914937 1.489111)
(63.500000 0.900062 1.494673)
(64.000000 0.885188 1.500234)
(64.500000 0.870313 1.505795)
(65.000000 0.855437 1.511356)
(65.500000 0.839662 1.513785)
(66.000000 0.823888 1.516214)
(66.500000 0.808112 1.518642)
(67.000000 0.792337 1.521071)
(67.500000 0.776562 1.523500)
(68.000000 0.760787 1.525929)
(68.500000 0.745012 1.528358)
(69.000000 0.729237 1.530786)
(69.500000 0.713462 1.533215)
(70.000000 0.697688 1.535644)
(70.500000 0.681488 1.534947)
(71.000000 0.665288 1.534251)
(71.500000 0.649088 1.533555)
(72.000000 0.632887 1.532859)
(72.500000 0.616687 1.532162)
(73.000000 0.600488 1.531466)
(73.500000 0.584287 1.530770)
(74.000000 0.568087 1.530074)
(74.500000 0.551888 1.529378)
(75.000000 0.535687 1.528681)
(75.500000 0.519806 1.525099)
(76.000000 0.503925 1.521516)
(76.500000 0.488044 1.517934)
(77.000000 0.472162 1.514351)
(77.500000 0.456281 1.510769)
(78.000000 0.440400 1.507186)
(78.500000 0.424519 1.503604)
(79.000000 0.408637 1.500021)
(79.500000 0.392756 1.496439)
(80.000000 0.376875 1.492856)
(80.500000 0.361988 1.487289)
(81.000000 0.347100 1.481723)
(81.500000 0.332213 1.476156)
(82.000000 0.317325 1.470589)
(82.500000 0.302437 1.465022)
(83.000000 0.287550 1.459455)
(83.500000 0.272663 1.453888)
(84.000000 0.257775 1.448321)
(84.500000 0.242887 1.442754)
(85.000000 0.228000 1.437187)
(85.500000 0.214794 1.433299)
(86.000000 0.201588 1.429411)
(86.500000 0.188381 1.425523)
(87.000000 0.175175 1.421635)
(87.500000 0.161969 1.417747)
(88.000000 0.148762 1.413859)
(88.500000 0.135556 1.409971)
(89.000000 0.122350 1.406083)
(89.500000 0.109144 1.402194)
(90.000000 0.095938 1.398306)
(90.500000 0.083694 1.398387)
(91.000000 0.071450 1.398468)
(91.500000 0.059206 1.398548)
(92.000000 0.046962 1.398629)
(92.500000 0.034719 1.398709)
(93.000000 0.022475 1.398790)
(93.500000 0.010231 1.398871)
(94.000000 -0.002013 1.398951)
(94.500000 -0.014256 1.399032)
(95.000000 -0.026500 1.399113)
(95.500000 -0.038544 1.397689)
(96.000000 -0.050588 1.396265)
(96.500000 -0.062631 1.394841)
(97.000000 -0.074675 1.393417)
(97.500000 -0.086719 1.391994)
(98.000000 -0.098763 1.390570)
(98.500000 -0.110806 1.389146)
(99.000000 -0.122850 1.387722)
(99.500000 -0.134894 1.386299)
(100.000000 -0.146937 1.384875)
(100.500000 -0.158681 1.381957)
(101.000000 -0.170425 1.379039)
(101.500000 -0.182169 1.376121)
(102.000000 -0.193912 1.373203)
(102.500000 -0.205656 1.370284)
(103.000000 -0.217400 1.367366)
(103.500000 -0.229144 1.364448)
(104.000000 -0.240888 1.361530)
(104.500000 -0.252631 1.358612)
(105.000000 -0.264375 1.355694)
(105.500000 -0.275619 1.351301)
(106.000000 -0.286863 1.346909)
(106.500000 -0.298106 1.342516)
(107.000000 -0.309350 1.338124)
(107.500000 -0.320594 1.333731)
(108.000000 -0.331838 1.329339)
(108.500000 -0.343081 1.324946)
(109.000000 -0.354325 1.320554)
(109.500000 -0.365569 1.316161)
(110.000000 -0.376812 1.311769)
(110.500000 -0.387300 1.305957)
(111.000000 -0.397788 1.300146)
(111.500000 -0.408275 1.294335)
(112.000000 -0.418762 1.288524)
(112.500000 -0.429250 1.282713)
(113.000000 -0.439738 1.276901)
(113.500000 -0.450225 1.271090)
(114.000000 -0.460712 1.265279)
(114.500000 -0.471200 1.259467)
(115.000000 -0.481687 1.253656)
(115.500000 -0.491187 1.246481)
(116.000000 -0.500687 1.239305)
(116.500000 -0.510187 1.232129)
(117.000000 -0.519687 1.224954)
(117.500000 -0.529187 1.217778)
(118.000000 -0.538687 1.210602)
(118.500000 -0.548187 1.203427)
(119.000000 -0.557687 1.196251)
(119.500000 -0.567187 1.189076)
(120.000000 -0.576688 1.181900)
(120.500000 -0.584975 1.173456)
(121.000000 -0.593263 1.165011)
(121.500000 -0.601550 1.156567)
(122.000000 -0.609838 1.148122)
(122.500000 -0.618125 1.139678)
(123.000000 -0.626413 1.131234)
(123.500000 -0.634700 1.122789)
(124.000000 -0.642988 1.114345)
(124.500000 -0.651275 1.105901)
(125.000000 -0.659563 1.097456)
(125.500000 -0.666306 1.087873)
(126.000000 -0.673050 1.078290)
(126.500000 -0.679794 1.068707)
(127.000000 -0.686538 1.059124)
(127.500000 -0.693281 1.049541)
(128.000000 -0.700025 1.039957)
(128.500000 -0.706769 1.030374)
(129.000000 -0.713512 1.020791)
(129.500000 -0.720256 1.011208)
(130.000000 -0.727000 1.001625)
(130.500000 -0.732044 0.991043)
(131.000000 -0.737088 0.980461)
(131.500000 -0.742131 0.969879)
(132.000000 -0.747175 0.959297)
(132.500000 -0.752219 0.948716)
(133.000000 -0.757262 0.938134)
(133.500000 -0.762306 0.927552)
(134.000000 -0.767350 0.916970)
(134.500000 -0.772394 0.906388)
(135.000000 -0.777438 0.895806)
(135.500000 -0.780481 0.884426)
(136.000000 -0.783525 0.873045)
(136.500000 -0.786569 0.861664)
(137.000000 -0.789613 0.850284)
(137.500000 -0.792656 0.838903)
(138.000000 -0.795700 0.827522)
(138.500000 -0.798744 0.816142)
(139.000000 -0.801788 0.804761)
(139.500000 -0.804831 0.793381)
(140.000000 -0.807875 0.782000)
(140.500000 -0.808719 0.770061)
(141.000000 -0.809563 0.758121)
(141.500000 -0.810406 0.746182)
(142.000000 -0.811250 0.734243)
(142.500000 -0.812094 0.722303)
(143.000000 -0.812937 0.710364)
(143.500000 -0.813781 0.698424)
(144.000000 -0.814625 0.686485)
(144.500000 -0.815469 0.674546)
(145.000000 -0.816312 0.662606)
(145.500000 -0.814512 0.650392)
(146.000000 -0.812712 0.638179)
(146.500000 -0.810912 0.625965)
(147.000000 -0.809112 0.613751)
(147.500000 -0.807312 0.601538)
(148.000000 -0.805512 0.589324)
(148.500000 -0.803713 0.577110)
(149.000000 -0.801913 0.564896)
(149.500000 -0.800113 0.552682)
(150.000000 -0.798312 0.540469)
(150.500000 -0.793656 0.528338)
(151.000000 -0.789000 0.516206)
(151.500000 -0.784344 0.504075)
(152.000000 -0.779688 0.491944)
(152.500000 -0.775031 0.479812)
(153.000000 -0.770375 0.467681)
(153.500000 -0.765719 0.455550)
(154.000000 -0.761063 0.443419)
(154.500000 -0.756406 0.431287)
(155.000000 -0.751750 0.419156)
(155.500000 -0.744050 0.407529)
(156.000000 -0.736350 0.395903)
(156.500000 -0.728650 0.384276)
(157.000000 -0.720950 0.372649)
(157.500000 -0.713250 0.361022)
(158.000000 -0.705550 0.349395)
(158.500000 -0.697850 0.337768)
(159.000000 -0.690150 0.326141)
(159.500000 -0.682450 0.314514)
(160.000000 -0.674750 0.302887)
(160.500000 -0.665519 0.293072)
(161.000000 -0.656288 0.283258)
(161.500000 -0.647056 0.273442)
(162.000000 -0.637825 0.263628)
(162.500000 -0.628594 0.253812)
(163.000000 -0.619363 0.243997)
(163.500000 -0.610131 0.234183)
(164.000000 -0.600900 0.224367)
(164.500000 -0.591669 0.214553)
(165.000000 -0.582438 0.204738)
(165.500000 -0.573206 0.194922)
(166.000000 -0.563975 0.185107)
(166.500000 -0.554744 0.175293)
(167.000000 -0.545513 0.165477)
(167.500000 -0.536281 0.155662)
(168.000000 -0.527050 0.145847)
(168.500000 -0.517819 0.136033)
(169.000000 -0.508588 0.126217)
(169.500000 -0.499356 0.116402)
(170.000000 -0.490125 0.106588)
(170.500000 -0.466544 0.100343)
(171.000000 -0.442963 0.094098)
(171.500000 -0.419381 0.087852)
(172.000000 -0.395800 0.081607)
(172.500000 -0.372219 0.075362)
(173.000000 -0.348638 0.069117)
(173.500000 -0.325056 0.062872)
(174.000000 -0.301475 0.056627)
(174.500000 -0.277894 0.050382)
(175.000000 -0.254313 0.044137)
(175.500000 -0.228881 0.043006)
(176.000000 -0.203450 0.041875)
(176.500000 -0.178019 0.040744)
(177.000000 -0.152588 0.039612)
(177.500000 -0.127156 0.038481)
(178.000000 -0.101725 0.037350)
(178.500000 -0.076294 0.036219)
(179.000000 -0.050862 0.035087)
(179.500000 -0.025431 0.033956)
(180.000000 0.000000 0.032825)
