// Polars table of section_36 for NREL 5MW 
// AOA    Cl    Cd 
(-180.000000 0.000000 0.019800)
(-179.500000 0.037400 0.021230)
(-179.000000 0.074800 0.022660)
(-178.500000 0.112200 0.024090)
(-178.000000 0.149600 0.025520)
(-177.500000 0.187000 0.026950)
(-177.000000 0.224400 0.028380)
(-176.500000 0.261800 0.029810)
(-176.000000 0.299200 0.031240)
(-175.500000 0.336600 0.032670)
(-175.000000 0.374000 0.034100)
(-174.500000 0.411500 0.040240)
(-174.000000 0.449000 0.046380)
(-173.500000 0.486500 0.052520)
(-173.000000 0.524000 0.058660)
(-172.500000 0.561500 0.064800)
(-172.000000 0.599000 0.070940)
(-171.500000 0.636500 0.077080)
(-171.000000 0.674000 0.083220)
(-170.500000 0.711500 0.089360)
(-170.000000 0.749000 0.095500)
(-169.500000 0.744500 0.104760)
(-169.000000 0.740000 0.114020)
(-168.500000 0.735500 0.123280)
(-168.000000 0.731000 0.132540)
(-167.500000 0.726500 0.141800)
(-167.000000 0.722000 0.151060)
(-166.500000 0.717500 0.160320)
(-166.000000 0.713000 0.169580)
(-165.500000 0.708500 0.178840)
(-165.000000 0.704000 0.188100)
(-164.500000 0.699500 0.197360)
(-164.000000 0.695000 0.206620)
(-163.500000 0.690500 0.215880)
(-163.000000 0.686000 0.225140)
(-162.500000 0.681500 0.234400)
(-162.000000 0.677000 0.243660)
(-161.500000 0.672500 0.252920)
(-161.000000 0.668000 0.262180)
(-160.500000 0.663500 0.271440)
(-160.000000 0.659000 0.280700)
(-159.500000 0.666700 0.291820)
(-159.000000 0.674400 0.302940)
(-158.500000 0.682100 0.314060)
(-158.000000 0.689800 0.325180)
(-157.500000 0.697500 0.336300)
(-157.000000 0.705200 0.347420)
(-156.500000 0.712900 0.358540)
(-156.000000 0.720600 0.369660)
(-155.500000 0.728300 0.380780)
(-155.000000 0.736000 0.391900)
(-154.500000 0.740700 0.403570)
(-154.000000 0.745400 0.415240)
(-153.500000 0.750100 0.426910)
(-153.000000 0.754800 0.438580)
(-152.500000 0.759500 0.450250)
(-152.000000 0.764200 0.461920)
(-151.500000 0.768900 0.473590)
(-151.000000 0.773600 0.485260)
(-150.500000 0.778300 0.496930)
(-150.000000 0.783000 0.508600)
(-149.500000 0.785000 0.520410)
(-149.000000 0.787000 0.532220)
(-148.500000 0.789000 0.544030)
(-148.000000 0.791000 0.555840)
(-147.500000 0.793000 0.567650)
(-147.000000 0.795000 0.579460)
(-146.500000 0.797000 0.591270)
(-146.000000 0.799000 0.603080)
(-145.500000 0.801000 0.614890)
(-145.000000 0.803000 0.626700)
(-144.500000 0.802500 0.638300)
(-144.000000 0.802000 0.649900)
(-143.500000 0.801500 0.661500)
(-143.000000 0.801000 0.673100)
(-142.500000 0.800500 0.684700)
(-142.000000 0.800000 0.696300)
(-141.500000 0.799500 0.707900)
(-141.000000 0.799000 0.719500)
(-140.500000 0.798500 0.731100)
(-140.000000 0.798000 0.742700)
(-139.500000 0.795300 0.753800)
(-139.000000 0.792600 0.764900)
(-138.500000 0.789900 0.776000)
(-138.000000 0.787200 0.787100)
(-137.500000 0.784500 0.798200)
(-137.000000 0.781800 0.809300)
(-136.500000 0.779100 0.820400)
(-136.000000 0.776400 0.831500)
(-135.500000 0.773700 0.842600)
(-135.000000 0.771000 0.853700)
(-134.500000 0.766300 0.864070)
(-134.000000 0.761600 0.874440)
(-133.500000 0.756900 0.884810)
(-133.000000 0.752200 0.895180)
(-132.500000 0.747500 0.905550)
(-132.000000 0.742800 0.915920)
(-131.500000 0.738100 0.926290)
(-131.000000 0.733400 0.936660)
(-130.500000 0.728700 0.947030)
(-130.000000 0.724000 0.957400)
(-129.500000 0.717600 0.966850)
(-129.000000 0.711200 0.976300)
(-128.500000 0.704800 0.985750)
(-128.000000 0.698400 0.995200)
(-127.500000 0.692000 1.004650)
(-127.000000 0.685600 1.014100)
(-126.500000 0.679200 1.023550)
(-126.000000 0.672800 1.033000)
(-125.500000 0.666400 1.042450)
(-125.000000 0.660000 1.051900)
(-124.500000 0.652100 1.060260)
(-124.000000 0.644200 1.068620)
(-123.500000 0.636300 1.076980)
(-123.000000 0.628400 1.085340)
(-122.500000 0.620500 1.093700)
(-122.000000 0.612600 1.102060)
(-121.500000 0.604700 1.110420)
(-121.000000 0.596800 1.118780)
(-120.500000 0.588900 1.127140)
(-120.000000 0.581000 1.135500)
(-119.500000 0.572000 1.142650)
(-119.000000 0.563000 1.149800)
(-118.500000 0.554000 1.156950)
(-118.000000 0.545000 1.164100)
(-117.500000 0.536000 1.171250)
(-117.000000 0.527000 1.178400)
(-116.500000 0.518000 1.185550)
(-116.000000 0.509000 1.192700)
(-115.500000 0.500000 1.199850)
(-115.000000 0.491000 1.207000)
(-114.500000 0.480900 1.212860)
(-114.000000 0.470800 1.218720)
(-113.500000 0.460700 1.224580)
(-113.000000 0.450600 1.230440)
(-112.500000 0.440500 1.236300)
(-112.000000 0.430400 1.242160)
(-111.500000 0.420300 1.248020)
(-111.000000 0.410200 1.253880)
(-110.500000 0.400100 1.259740)
(-110.000000 0.390000 1.265600)
(-109.500000 0.379200 1.270080)
(-109.000000 0.368400 1.274560)
(-108.500000 0.357600 1.279040)
(-108.000000 0.346800 1.283520)
(-107.500000 0.336000 1.288000)
(-107.000000 0.325200 1.292480)
(-106.500000 0.314400 1.296960)
(-106.000000 0.303600 1.301440)
(-105.500000 0.292800 1.305920)
(-105.000000 0.282000 1.310400)
(-104.500000 0.270700 1.313460)
(-104.000000 0.259400 1.316520)
(-103.500000 0.248100 1.319580)
(-103.000000 0.236800 1.322640)
(-102.500000 0.225500 1.325700)
(-102.000000 0.214200 1.328760)
(-101.500000 0.202900 1.331820)
(-101.000000 0.191600 1.334880)
(-100.500000 0.180300 1.337940)
(-100.000000 0.169000 1.341000)
(-99.500000 0.157300 1.342620)
(-99.000000 0.145600 1.344240)
(-98.500000 0.133900 1.345860)
(-98.000000 0.122200 1.347480)
(-97.500000 0.110500 1.349100)
(-97.000000 0.098800 1.350720)
(-96.500000 0.087100 1.352340)
(-96.000000 0.075400 1.353960)
(-95.500000 0.063700 1.355580)
(-95.000000 0.052000 1.357200)
(-94.500000 0.040100 1.357350)
(-94.000000 0.028200 1.357500)
(-93.500000 0.016300 1.357650)
(-93.000000 0.004400 1.357800)
(-92.500000 -0.007500 1.357950)
(-92.000000 -0.019400 1.358100)
(-91.500000 -0.031300 1.358250)
(-91.000000 -0.043200 1.358400)
(-90.500000 -0.055100 1.358550)
(-90.000000 -0.067000 1.358700)
(-89.500000 -0.078700 1.357390)
(-89.000000 -0.090400 1.356080)
(-88.500000 -0.102100 1.354770)
(-88.000000 -0.113800 1.353460)
(-87.500000 -0.125500 1.352150)
(-87.000000 -0.137200 1.350840)
(-86.500000 -0.148900 1.349530)
(-86.000000 -0.160600 1.348220)
(-85.500000 -0.172300 1.346910)
(-85.000000 -0.184000 1.345600)
(-84.500000 -0.195500 1.342850)
(-84.000000 -0.207000 1.340100)
(-83.500000 -0.218500 1.337350)
(-83.000000 -0.230000 1.334600)
(-82.500000 -0.241500 1.331850)
(-82.000000 -0.253000 1.329100)
(-81.500000 -0.264500 1.326350)
(-81.000000 -0.276000 1.323600)
(-80.500000 -0.287500 1.320850)
(-80.000000 -0.299000 1.318100)
(-79.500000 -0.310000 1.313940)
(-79.000000 -0.321000 1.309780)
(-78.500000 -0.332000 1.305620)
(-78.000000 -0.343000 1.301460)
(-77.500000 -0.354000 1.297300)
(-77.000000 -0.365000 1.293140)
(-76.500000 -0.376000 1.288980)
(-76.000000 -0.387000 1.284820)
(-75.500000 -0.398000 1.280660)
(-75.000000 -0.409000 1.276500)
(-74.500000 -0.419300 1.270970)
(-74.000000 -0.429600 1.265440)
(-73.500000 -0.439900 1.259910)
(-73.000000 -0.450200 1.254380)
(-72.500000 -0.460500 1.248850)
(-72.000000 -0.470800 1.243320)
(-71.500000 -0.481100 1.237790)
(-71.000000 -0.491400 1.232260)
(-70.500000 -0.501700 1.226730)
(-70.000000 -0.512000 1.221200)
(-69.500000 -0.521400 1.214400)
(-69.000000 -0.530800 1.207600)
(-68.500000 -0.540200 1.200800)
(-68.000000 -0.549600 1.194000)
(-67.500000 -0.559000 1.187200)
(-67.000000 -0.568400 1.180400)
(-66.500000 -0.577800 1.173600)
(-66.000000 -0.587200 1.166800)
(-65.500000 -0.596600 1.160000)
(-65.000000 -0.606000 1.153200)
(-64.500000 -0.614300 1.145190)
(-64.000000 -0.622600 1.137180)
(-63.500000 -0.630900 1.129170)
(-63.000000 -0.639200 1.121160)
(-62.500000 -0.647500 1.113150)
(-62.000000 -0.655800 1.105140)
(-61.500000 -0.664100 1.097130)
(-61.000000 -0.672400 1.089120)
(-60.500000 -0.680700 1.081110)
(-60.000000 -0.689000 1.073100)
(-59.500000 -0.696000 1.064010)
(-59.000000 -0.703000 1.054920)
(-58.500000 -0.710000 1.045830)
(-58.000000 -0.717000 1.036740)
(-57.500000 -0.724000 1.027650)
(-57.000000 -0.731000 1.018560)
(-56.500000 -0.738000 1.009470)
(-56.000000 -0.745000 1.000380)
(-55.500000 -0.752000 0.991290)
(-55.000000 -0.759000 0.982200)
(-54.500000 -0.764500 0.972180)
(-54.000000 -0.770000 0.962160)
(-53.500000 -0.775500 0.952140)
(-53.000000 -0.781000 0.942120)
(-52.500000 -0.786500 0.932100)
(-52.000000 -0.792000 0.922080)
(-51.500000 -0.797500 0.912060)
(-51.000000 -0.803000 0.902040)
(-50.500000 -0.808500 0.892020)
(-50.000000 -0.814000 0.882000)
(-49.500000 -0.817600 0.871220)
(-49.000000 -0.821200 0.860440)
(-48.500000 -0.824800 0.849660)
(-48.000000 -0.828400 0.838880)
(-47.500000 -0.832000 0.828100)
(-47.000000 -0.835600 0.817320)
(-46.500000 -0.839200 0.806540)
(-46.000000 -0.842800 0.795760)
(-45.500000 -0.846400 0.784980)
(-45.000000 -0.850000 0.774200)
(-44.500000 -0.851600 0.762880)
(-44.000000 -0.853200 0.751560)
(-43.500000 -0.854800 0.740240)
(-43.000000 -0.856400 0.728920)
(-42.500000 -0.858000 0.717600)
(-42.000000 -0.859600 0.706280)
(-41.500000 -0.861200 0.694960)
(-41.000000 -0.862800 0.683640)
(-40.500000 -0.864400 0.672320)
(-40.000000 -0.866000 0.661000)
(-39.500000 -0.865400 0.649410)
(-39.000000 -0.864800 0.637820)
(-38.500000 -0.864200 0.626230)
(-38.000000 -0.863600 0.614640)
(-37.500000 -0.863000 0.603050)
(-37.000000 -0.862400 0.591460)
(-36.500000 -0.861800 0.579870)
(-36.000000 -0.861200 0.568280)
(-35.500000 -0.860600 0.556690)
(-35.000000 -0.860000 0.545100)
(-34.500000 -0.856900 0.533540)
(-34.000000 -0.853800 0.521980)
(-33.500000 -0.850700 0.510420)
(-33.000000 -0.847600 0.498860)
(-32.500000 -0.844500 0.487300)
(-32.000000 -0.841400 0.475740)
(-31.500000 -0.838300 0.464180)
(-31.000000 -0.835200 0.452620)
(-30.500000 -0.832100 0.441060)
(-30.000000 -0.829000 0.429500)
(-29.500000 -0.831400 0.417260)
(-29.000000 -0.833800 0.405020)
(-28.500000 -0.836200 0.392780)
(-28.000000 -0.838600 0.380540)
(-27.500000 -0.841000 0.368300)
(-27.000000 -0.843400 0.356060)
(-26.500000 -0.845800 0.343820)
(-26.000000 -0.848200 0.331580)
(-25.500000 -0.850600 0.319340)
(-25.000000 -0.853000 0.307100)
(-24.500000 -0.861500 0.294250)
(-24.000000 -0.870000 0.281400)
(-23.500000 -0.880000 0.268500)
(-23.000000 -0.890000 0.255600)
(-22.500000 -0.900500 0.242650)
(-22.000000 -0.911000 0.229700)
(-21.500000 -0.922500 0.216850)
(-21.000000 -0.934000 0.204000)
(-20.500000 -0.946000 0.191250)
(-20.000000 -0.958000 0.178500)
(-19.500000 -0.970000 0.165950)
(-19.000000 -0.982000 0.153400)
(-18.500000 -0.993500 0.141100)
(-18.000000 -1.005000 0.128800)
(-17.500000 -1.043500 0.116250)
(-17.000000 -1.082000 0.103700)
(-16.500000 -1.097500 0.091150)
(-16.000000 -1.113000 0.078600)
(-15.500000 -1.109000 0.066050)
(-15.000000 -1.105000 0.053500)
(-14.500000 -1.091500 0.040900)
(-14.000000 -1.078000 0.028300)
(-13.500000 -1.053000 0.015800)
(-13.000000 -1.015000 0.015100)
(-12.500000 -0.959500 0.014250)
(-12.000000 -0.904000 0.013400)
(-11.500000 -0.855500 0.012750)
(-11.000000 -0.807000 0.012100)
(-10.500000 -0.759000 0.011600)
(-10.000000 -0.711000 0.011100)
(-9.500000 -0.653000 0.010500)
(-9.000000 -0.595000 0.009900)
(-8.500000 -0.536500 0.009500)
(-8.000000 -0.478000 0.009100)
(-7.500000 -0.426500 0.008850)
(-7.000000 -0.375000 0.008600)
(-6.500000 -0.319500 0.008400)
(-6.000000 -0.264000 0.008200)
(-5.500000 -0.207500 0.008050)
(-5.000000 -0.151000 0.007900)
(-4.500000 -0.084000 0.007550)
(-4.000000 -0.017000 0.007200)
(-3.500000 0.035500 0.006800)
(-3.000000 0.088000 0.006400)
(-2.500000 0.150500 0.005900)
(-2.000000 0.213000 0.005400)
(-1.500000 0.270500 0.005300)
(-1.000000 0.328000 0.005200)
(-0.500000 0.385000 0.005200)
(0.000000 0.442000 0.005200)
(0.500000 0.499000 0.005200)
(1.000000 0.556000 0.005200)
(1.500000 0.613000 0.005250)
(2.000000 0.670000 0.005300)
(2.500000 0.727000 0.005300)
(3.000000 0.784000 0.005300)
(3.500000 0.841000 0.005350)
(4.000000 0.898000 0.005400)
(4.500000 0.954500 0.005600)
(5.000000 1.011000 0.005800)
(5.500000 1.057000 0.007450)
(6.000000 1.103000 0.009100)
(6.500000 1.142000 0.010200)
(7.000000 1.181000 0.011300)
(7.500000 1.219000 0.011850)
(8.000000 1.257000 0.012400)
(8.500000 1.293000 0.013000)
(9.000000 1.326000 0.013600)
(9.500000 1.356000 0.014300)
(10.000000 1.382000 0.015000)
(10.500000 1.400000 0.026700)
(11.000000 1.415000 0.038300)
(11.500000 1.425000 0.049800)
(12.000000 1.434000 0.061300)
(12.500000 1.443000 0.072700)
(13.000000 1.451000 0.084100)
(13.500000 1.453000 0.095400)
(14.000000 1.448000 0.106500)
(14.500000 1.444000 0.117600)
(15.000000 1.445000 0.128700)
(15.500000 1.447000 0.139800)
(16.000000 1.448000 0.150900)
(16.500000 1.444000 0.161900)
(17.000000 1.438000 0.172800)
(17.500000 1.439000 0.183700)
(18.000000 1.448000 0.194700)
(18.500000 1.452000 0.205700)
(19.000000 1.448000 0.216500)
(19.500000 1.438000 0.227200)
(20.000000 1.428000 0.237900)
(20.500000 1.414500 0.248450)
(21.000000 1.401000 0.259000)
(21.500000 1.380000 0.269450)
(22.000000 1.359000 0.279900)
(22.500000 1.329500 0.290150)
(23.000000 1.300000 0.300400)
(23.500000 1.260000 0.310400)
(24.000000 1.220000 0.320400)
(24.500000 1.194000 0.329050)
(25.000000 1.168000 0.337700)
(25.500000 1.142000 0.346550)
(26.000000 1.116000 0.355400)
(26.500000 1.090750 0.364450)
(27.000000 1.065500 0.373500)
(27.500000 1.040250 0.382550)
(28.000000 1.015000 0.391600)
(28.500000 0.992750 0.401050)
(29.000000 0.970500 0.410500)
(29.500000 0.948250 0.419950)
(30.000000 0.926000 0.429400)
(30.500000 0.908250 0.439300)
(31.000000 0.890500 0.449200)
(31.500000 0.872750 0.459100)
(32.000000 0.855000 0.469000)
(32.500000 0.845833 0.479567)
(33.000000 0.836667 0.490133)
(33.500000 0.827500 0.500700)
(34.000000 0.818333 0.511267)
(34.500000 0.809167 0.521833)
(35.000000 0.800000 0.532400)
(35.500000 0.800400 0.543680)
(36.000000 0.800800 0.554960)
(36.500000 0.801200 0.566240)
(37.000000 0.801600 0.577520)
(37.500000 0.802000 0.588800)
(38.000000 0.802400 0.600080)
(38.500000 0.802800 0.611360)
(39.000000 0.803200 0.622640)
(39.500000 0.803600 0.633920)
(40.000000 0.804000 0.645200)
(40.500000 0.802900 0.656410)
(41.000000 0.801800 0.667620)
(41.500000 0.800700 0.678830)
(42.000000 0.799600 0.690040)
(42.500000 0.798500 0.701250)
(43.000000 0.797400 0.712460)
(43.500000 0.796300 0.723670)
(44.000000 0.795200 0.734880)
(44.500000 0.794100 0.746090)
(45.000000 0.793000 0.757300)
(45.500000 0.790000 0.768210)
(46.000000 0.787000 0.779120)
(46.500000 0.784000 0.790030)
(47.000000 0.781000 0.800940)
(47.500000 0.778000 0.811850)
(48.000000 0.775000 0.822760)
(48.500000 0.772000 0.833670)
(49.000000 0.769000 0.844580)
(49.500000 0.766000 0.855490)
(50.000000 0.763000 0.866400)
(50.500000 0.758400 0.876840)
(51.000000 0.753800 0.887280)
(51.500000 0.749200 0.897720)
(52.000000 0.744600 0.908160)
(52.500000 0.740000 0.918600)
(53.000000 0.735400 0.929040)
(53.500000 0.730800 0.939480)
(54.000000 0.726200 0.949920)
(54.500000 0.721600 0.960360)
(55.000000 0.717000 0.970800)
(55.500000 0.710900 0.980650)
(56.000000 0.704800 0.990500)
(56.500000 0.698700 1.000350)
(57.000000 0.692600 1.010200)
(57.500000 0.686500 1.020050)
(58.000000 0.680400 1.029900)
(58.500000 0.674300 1.039750)
(59.000000 0.668200 1.049600)
(59.500000 0.662100 1.059450)
(60.000000 0.656000 1.069300)
(60.500000 0.648600 1.078430)
(61.000000 0.641200 1.087560)
(61.500000 0.633800 1.096690)
(62.000000 0.626400 1.105820)
(62.500000 0.619000 1.114950)
(63.000000 0.611600 1.124080)
(63.500000 0.604200 1.133210)
(64.000000 0.596800 1.142340)
(64.500000 0.589400 1.151470)
(65.000000 0.582000 1.160600)
(65.500000 0.573300 1.168920)
(66.000000 0.564600 1.177240)
(66.500000 0.555900 1.185560)
(67.000000 0.547200 1.193880)
(67.500000 0.538500 1.202200)
(68.000000 0.529800 1.210520)
(68.500000 0.521100 1.218840)
(69.000000 0.512400 1.227160)
(69.500000 0.503700 1.235480)
(70.000000 0.495000 1.243800)
(70.500000 0.485300 1.251200)
(71.000000 0.475600 1.258600)
(71.500000 0.465900 1.266000)
(72.000000 0.456200 1.273400)
(72.500000 0.446500 1.280800)
(73.000000 0.436800 1.288200)
(73.500000 0.427100 1.295600)
(74.000000 0.417400 1.303000)
(74.500000 0.407700 1.310400)
(75.000000 0.398000 1.317800)
(75.500000 0.387300 1.324110)
(76.000000 0.376600 1.330420)
(76.500000 0.365900 1.336730)
(77.000000 0.355200 1.343040)
(77.500000 0.344500 1.349350)
(78.000000 0.333800 1.355660)
(78.500000 0.323100 1.361970)
(79.000000 0.312400 1.368280)
(79.500000 0.301700 1.374590)
(80.000000 0.291000 1.380900)
(80.500000 0.279500 1.385850)
(81.000000 0.268000 1.390800)
(81.500000 0.256500 1.395750)
(82.000000 0.245000 1.400700)
(82.500000 0.233500 1.405650)
(83.000000 0.222000 1.410600)
(83.500000 0.210500 1.415550)
(84.000000 0.199000 1.420500)
(84.500000 0.187500 1.425450)
(85.000000 0.176000 1.430400)
(85.500000 0.163700 1.433010)
(86.000000 0.151400 1.435620)
(86.500000 0.139100 1.438230)
(87.000000 0.126800 1.440840)
(87.500000 0.114500 1.443450)
(88.000000 0.102200 1.446060)
(88.500000 0.089900 1.448670)
(89.000000 0.077600 1.451280)
(89.500000 0.065300 1.453890)
(90.000000 0.053000 1.456500)
(90.500000 0.040300 1.456180)
(91.000000 0.027600 1.455860)
(91.500000 0.014900 1.455540)
(92.000000 0.002200 1.455220)
(92.500000 -0.010500 1.454900)
(93.000000 -0.023200 1.454580)
(93.500000 -0.035900 1.454260)
(94.000000 -0.048600 1.453940)
(94.500000 -0.061300 1.453620)
(95.000000 -0.074000 1.453300)
(95.500000 -0.086500 1.451420)
(96.000000 -0.099000 1.449540)
(96.500000 -0.111500 1.447660)
(97.000000 -0.124000 1.445780)
(97.500000 -0.136500 1.443900)
(98.000000 -0.149000 1.442020)
(98.500000 -0.161500 1.440140)
(99.000000 -0.174000 1.438260)
(99.500000 -0.186500 1.436380)
(100.000000 -0.199000 1.434500)
(100.500000 -0.211200 1.431090)
(101.000000 -0.223400 1.427680)
(101.500000 -0.235600 1.424270)
(102.000000 -0.247800 1.420860)
(102.500000 -0.260000 1.417450)
(103.000000 -0.272200 1.414040)
(103.500000 -0.284400 1.410630)
(104.000000 -0.296600 1.407220)
(104.500000 -0.308800 1.403810)
(105.000000 -0.321000 1.400400)
(105.500000 -0.332500 1.395480)
(106.000000 -0.344000 1.390560)
(106.500000 -0.355500 1.385640)
(107.000000 -0.367000 1.380720)
(107.500000 -0.378500 1.375800)
(108.000000 -0.390000 1.370880)
(108.500000 -0.401500 1.365960)
(109.000000 -0.413000 1.361040)
(109.500000 -0.424500 1.356120)
(110.000000 -0.436000 1.351200)
(110.500000 -0.446700 1.344820)
(111.000000 -0.457400 1.338440)
(111.500000 -0.468100 1.332060)
(112.000000 -0.478800 1.325680)
(112.500000 -0.489500 1.319300)
(113.000000 -0.500200 1.312920)
(113.500000 -0.510900 1.306540)
(114.000000 -0.521600 1.300160)
(114.500000 -0.532300 1.293780)
(115.000000 -0.543000 1.287400)
(115.500000 -0.552700 1.279650)
(116.000000 -0.562400 1.271900)
(116.500000 -0.572100 1.264150)
(117.000000 -0.581800 1.256400)
(117.500000 -0.591500 1.248650)
(118.000000 -0.601200 1.240900)
(118.500000 -0.610900 1.233150)
(119.000000 -0.620600 1.225400)
(119.500000 -0.630300 1.217650)
(120.000000 -0.640000 1.209900)
(120.500000 -0.648300 1.200870)
(121.000000 -0.656600 1.191840)
(121.500000 -0.664900 1.182810)
(122.000000 -0.673200 1.173780)
(122.500000 -0.681500 1.164750)
(123.000000 -0.689800 1.155720)
(123.500000 -0.698100 1.146690)
(124.000000 -0.706400 1.137660)
(124.500000 -0.714700 1.128630)
(125.000000 -0.723000 1.119600)
(125.500000 -0.729700 1.109430)
(126.000000 -0.736400 1.099260)
(126.500000 -0.743100 1.089090)
(127.000000 -0.749800 1.078920)
(127.500000 -0.756500 1.068750)
(128.000000 -0.763200 1.058580)
(128.500000 -0.769900 1.048410)
(129.000000 -0.776600 1.038240)
(129.500000 -0.783300 1.028070)
(130.000000 -0.790000 1.017900)
(130.500000 -0.795000 1.006750)
(131.000000 -0.800000 0.995600)
(131.500000 -0.805000 0.984450)
(132.000000 -0.810000 0.973300)
(132.500000 -0.815000 0.962150)
(133.000000 -0.820000 0.951000)
(133.500000 -0.825000 0.939850)
(134.000000 -0.830000 0.928700)
(134.500000 -0.835000 0.917550)
(135.000000 -0.840000 0.906400)
(135.500000 -0.842800 0.894470)
(136.000000 -0.845600 0.882540)
(136.500000 -0.848400 0.870610)
(137.000000 -0.851200 0.858680)
(137.500000 -0.854000 0.846750)
(138.000000 -0.856800 0.834820)
(138.500000 -0.859600 0.822890)
(139.000000 -0.862400 0.810960)
(139.500000 -0.865200 0.799030)
(140.000000 -0.868000 0.787100)
(140.500000 -0.868400 0.774660)
(141.000000 -0.868800 0.762220)
(141.500000 -0.869200 0.749780)
(142.000000 -0.869600 0.737340)
(142.500000 -0.870000 0.724900)
(143.000000 -0.870400 0.712460)
(143.500000 -0.870800 0.700020)
(144.000000 -0.871200 0.687580)
(144.500000 -0.871600 0.675140)
(145.000000 -0.872000 0.662700)
(145.500000 -0.869800 0.650060)
(146.000000 -0.867600 0.637420)
(146.500000 -0.865400 0.624780)
(147.000000 -0.863200 0.612140)
(147.500000 -0.861000 0.599500)
(148.000000 -0.858800 0.586860)
(148.500000 -0.856600 0.574220)
(149.000000 -0.854400 0.561580)
(149.500000 -0.852200 0.548940)
(150.000000 -0.850000 0.536300)
(150.500000 -0.844800 0.523830)
(151.000000 -0.839600 0.511360)
(151.500000 -0.834400 0.498890)
(152.000000 -0.829200 0.486420)
(152.500000 -0.824000 0.473950)
(153.000000 -0.818800 0.461480)
(153.500000 -0.813600 0.449010)
(154.000000 -0.808400 0.436540)
(154.500000 -0.803200 0.424070)
(155.000000 -0.798000 0.411600)
(155.500000 -0.789600 0.399750)
(156.000000 -0.781200 0.387900)
(156.500000 -0.772800 0.376050)
(157.000000 -0.764400 0.364200)
(157.500000 -0.756000 0.352350)
(158.000000 -0.747600 0.340500)
(158.500000 -0.739200 0.328650)
(159.000000 -0.730800 0.316800)
(159.500000 -0.722400 0.304950)
(160.000000 -0.714000 0.293100)
(160.500000 -0.715750 0.283300)
(161.000000 -0.717500 0.273500)
(161.500000 -0.719250 0.263700)
(162.000000 -0.721000 0.253900)
(162.500000 -0.722750 0.244100)
(163.000000 -0.724500 0.234300)
(163.500000 -0.726250 0.224500)
(164.000000 -0.728000 0.214700)
(164.500000 -0.729750 0.204900)
(165.000000 -0.731500 0.195100)
(165.500000 -0.733250 0.185300)
(166.000000 -0.735000 0.175500)
(166.500000 -0.736750 0.165700)
(167.000000 -0.738500 0.155900)
(167.500000 -0.740250 0.146100)
(168.000000 -0.742000 0.136300)
(168.500000 -0.743750 0.126500)
(169.000000 -0.745500 0.116700)
(169.500000 -0.747250 0.106900)
(170.000000 -0.749000 0.097100)
(170.500000 -0.711500 0.090730)
(171.000000 -0.674000 0.084360)
(171.500000 -0.636500 0.077990)
(172.000000 -0.599000 0.071620)
(172.500000 -0.561500 0.065250)
(173.000000 -0.524000 0.058880)
(173.500000 -0.486500 0.052510)
(174.000000 -0.449000 0.046140)
(174.500000 -0.411500 0.039770)
(175.000000 -0.374000 0.033400)
(175.500000 -0.336600 0.032040)
(176.000000 -0.299200 0.030680)
(176.500000 -0.261800 0.029320)
(177.000000 -0.224400 0.027960)
(177.500000 -0.187000 0.026600)
(178.000000 -0.149600 0.025240)
(178.500000 -0.112200 0.023880)
(179.000000 -0.074800 0.022520)
(179.500000 -0.037400 0.021160)
(180.000000 0.000000 0.019800)
