// Polars table of section_20 for NREL 5MW 
// AOA    Cl    Cd 
(-180.000000 0.000000 0.020200)
(-179.500000 0.036800 0.021420)
(-179.000000 0.073600 0.022640)
(-178.500000 0.110400 0.023860)
(-178.000000 0.147200 0.025080)
(-177.500000 0.184000 0.026300)
(-177.000000 0.220800 0.027520)
(-176.500000 0.257600 0.028740)
(-176.000000 0.294400 0.029960)
(-175.500000 0.331200 0.031180)
(-175.000000 0.368000 0.032400)
(-174.500000 0.404700 0.038590)
(-174.000000 0.441400 0.044780)
(-173.500000 0.478100 0.050970)
(-173.000000 0.514800 0.057160)
(-172.500000 0.551500 0.063350)
(-172.000000 0.588200 0.069540)
(-171.500000 0.624900 0.075730)
(-171.000000 0.661600 0.081920)
(-170.500000 0.698300 0.088110)
(-170.000000 0.735000 0.094300)
(-169.500000 0.733000 0.103825)
(-169.000000 0.731000 0.113350)
(-168.500000 0.729000 0.122875)
(-168.000000 0.727000 0.132400)
(-167.500000 0.725000 0.141925)
(-167.000000 0.723000 0.151450)
(-166.500000 0.721000 0.160975)
(-166.000000 0.719000 0.170500)
(-165.500000 0.717000 0.180025)
(-165.000000 0.715000 0.189550)
(-164.500000 0.713000 0.199075)
(-164.000000 0.711000 0.208600)
(-163.500000 0.709000 0.218125)
(-163.000000 0.707000 0.227650)
(-162.500000 0.705000 0.237175)
(-162.000000 0.703000 0.246700)
(-161.500000 0.701000 0.256225)
(-161.000000 0.699000 0.265750)
(-160.500000 0.697000 0.275275)
(-160.000000 0.695000 0.284800)
(-159.500000 0.703200 0.296330)
(-159.000000 0.711400 0.307860)
(-158.500000 0.719600 0.319390)
(-158.000000 0.727800 0.330920)
(-157.500000 0.736000 0.342450)
(-157.000000 0.744200 0.353980)
(-156.500000 0.752400 0.365510)
(-156.000000 0.760600 0.377040)
(-155.500000 0.768800 0.388570)
(-155.000000 0.777000 0.400100)
(-154.500000 0.782100 0.412240)
(-154.000000 0.787200 0.424380)
(-153.500000 0.792300 0.436520)
(-153.000000 0.797400 0.448660)
(-152.500000 0.802500 0.460800)
(-152.000000 0.807600 0.472940)
(-151.500000 0.812700 0.485080)
(-151.000000 0.817800 0.497220)
(-150.500000 0.822900 0.509360)
(-150.000000 0.828000 0.521500)
(-149.500000 0.830200 0.533820)
(-149.000000 0.832400 0.546140)
(-148.500000 0.834600 0.558460)
(-148.000000 0.836800 0.570780)
(-147.500000 0.839000 0.583100)
(-147.000000 0.841200 0.595420)
(-146.500000 0.843400 0.607740)
(-146.000000 0.845600 0.620060)
(-145.500000 0.847800 0.632380)
(-145.000000 0.850000 0.644700)
(-144.500000 0.849600 0.656830)
(-144.000000 0.849200 0.668960)
(-143.500000 0.848800 0.681090)
(-143.000000 0.848400 0.693220)
(-142.500000 0.848000 0.705350)
(-142.000000 0.847600 0.717480)
(-141.500000 0.847200 0.729610)
(-141.000000 0.846800 0.741740)
(-140.500000 0.846400 0.753870)
(-140.000000 0.846000 0.766000)
(-139.500000 0.843200 0.777630)
(-139.000000 0.840400 0.789260)
(-138.500000 0.837600 0.800890)
(-138.000000 0.834800 0.812520)
(-137.500000 0.832000 0.824150)
(-137.000000 0.829200 0.835780)
(-136.500000 0.826400 0.847410)
(-136.000000 0.823600 0.859040)
(-135.500000 0.820800 0.870670)
(-135.000000 0.818000 0.882300)
(-134.500000 0.813300 0.893180)
(-134.000000 0.808600 0.904060)
(-133.500000 0.803900 0.914940)
(-133.000000 0.799200 0.925820)
(-132.500000 0.794500 0.936700)
(-132.000000 0.789800 0.947580)
(-131.500000 0.785100 0.958460)
(-131.000000 0.780400 0.969340)
(-130.500000 0.775700 0.980220)
(-130.000000 0.771000 0.991100)
(-129.500000 0.764400 1.001040)
(-129.000000 0.757800 1.010980)
(-128.500000 0.751200 1.020920)
(-128.000000 0.744600 1.030860)
(-127.500000 0.738000 1.040800)
(-127.000000 0.731400 1.050740)
(-126.500000 0.724800 1.060680)
(-126.000000 0.718200 1.070620)
(-125.500000 0.711600 1.080560)
(-125.000000 0.705000 1.090500)
(-124.500000 0.696900 1.099320)
(-124.000000 0.688800 1.108140)
(-123.500000 0.680700 1.116960)
(-123.000000 0.672600 1.125780)
(-122.500000 0.664500 1.134600)
(-122.000000 0.656400 1.143420)
(-121.500000 0.648300 1.152240)
(-121.000000 0.640200 1.161060)
(-120.500000 0.632100 1.169880)
(-120.000000 0.624000 1.178700)
(-119.500000 0.614600 1.186280)
(-119.000000 0.605200 1.193860)
(-118.500000 0.595800 1.201440)
(-118.000000 0.586400 1.209020)
(-117.500000 0.577000 1.216600)
(-117.000000 0.567600 1.224180)
(-116.500000 0.558200 1.231760)
(-116.000000 0.548800 1.239340)
(-115.500000 0.539400 1.246920)
(-115.000000 0.530000 1.254500)
(-114.500000 0.519600 1.260730)
(-114.000000 0.509200 1.266960)
(-113.500000 0.498800 1.273190)
(-113.000000 0.488400 1.279420)
(-112.500000 0.478000 1.285650)
(-112.000000 0.467600 1.291880)
(-111.500000 0.457200 1.298110)
(-111.000000 0.446800 1.304340)
(-110.500000 0.436400 1.310570)
(-110.000000 0.426000 1.316800)
(-109.500000 0.414800 1.321620)
(-109.000000 0.403600 1.326440)
(-108.500000 0.392400 1.331260)
(-108.000000 0.381200 1.336080)
(-107.500000 0.370000 1.340900)
(-107.000000 0.358800 1.345720)
(-106.500000 0.347600 1.350540)
(-106.000000 0.336400 1.355360)
(-105.500000 0.325200 1.360180)
(-105.000000 0.314000 1.365000)
(-104.500000 0.302100 1.368340)
(-104.000000 0.290200 1.371680)
(-103.500000 0.278300 1.375020)
(-103.000000 0.266400 1.378360)
(-102.500000 0.254500 1.381700)
(-102.000000 0.242600 1.385040)
(-101.500000 0.230700 1.388380)
(-101.000000 0.218800 1.391720)
(-100.500000 0.206900 1.395060)
(-100.000000 0.195000 1.398400)
(-99.500000 0.182800 1.400250)
(-99.000000 0.170600 1.402100)
(-98.500000 0.158400 1.403950)
(-98.000000 0.146200 1.405800)
(-97.500000 0.134000 1.407650)
(-97.000000 0.121800 1.409500)
(-96.500000 0.109600 1.411350)
(-96.000000 0.097400 1.413200)
(-95.500000 0.085200 1.415050)
(-95.000000 0.073000 1.416900)
(-94.500000 0.060700 1.417220)
(-94.000000 0.048400 1.417540)
(-93.500000 0.036100 1.417860)
(-93.000000 0.023800 1.418180)
(-92.500000 0.011500 1.418500)
(-92.000000 -0.000800 1.418820)
(-91.500000 -0.013100 1.419140)
(-91.000000 -0.025400 1.419460)
(-90.500000 -0.037700 1.419780)
(-90.000000 -0.050000 1.420100)
(-89.500000 -0.062300 1.418900)
(-89.000000 -0.074600 1.417700)
(-88.500000 -0.086900 1.416500)
(-88.000000 -0.099200 1.415300)
(-87.500000 -0.111500 1.414100)
(-87.000000 -0.123800 1.412900)
(-86.500000 -0.136100 1.411700)
(-86.000000 -0.148400 1.410500)
(-85.500000 -0.160700 1.409300)
(-85.000000 -0.173000 1.408100)
(-84.500000 -0.185100 1.405400)
(-84.000000 -0.197200 1.402700)
(-83.500000 -0.209300 1.400000)
(-83.000000 -0.221400 1.397300)
(-82.500000 -0.233500 1.394600)
(-82.000000 -0.245600 1.391900)
(-81.500000 -0.257700 1.389200)
(-81.000000 -0.269800 1.386500)
(-80.500000 -0.281900 1.383800)
(-80.000000 -0.294000 1.381100)
(-79.500000 -0.305500 1.376930)
(-79.000000 -0.317000 1.372760)
(-78.500000 -0.328500 1.368590)
(-78.000000 -0.340000 1.364420)
(-77.500000 -0.351500 1.360250)
(-77.000000 -0.363000 1.356080)
(-76.500000 -0.374500 1.351910)
(-76.000000 -0.386000 1.347740)
(-75.500000 -0.397500 1.343570)
(-75.000000 -0.409000 1.339400)
(-74.500000 -0.419900 1.333790)
(-74.000000 -0.430800 1.328180)
(-73.500000 -0.441700 1.322570)
(-73.000000 -0.452600 1.316960)
(-72.500000 -0.463500 1.311350)
(-72.000000 -0.474400 1.305740)
(-71.500000 -0.485300 1.300130)
(-71.000000 -0.496200 1.294520)
(-70.500000 -0.507100 1.288910)
(-70.000000 -0.518000 1.283300)
(-69.500000 -0.527900 1.276350)
(-69.000000 -0.537800 1.269400)
(-68.500000 -0.547700 1.262450)
(-68.000000 -0.557600 1.255500)
(-67.500000 -0.567500 1.248550)
(-67.000000 -0.577400 1.241600)
(-66.500000 -0.587300 1.234650)
(-66.000000 -0.597200 1.227700)
(-65.500000 -0.607100 1.220750)
(-65.000000 -0.617000 1.213800)
(-64.500000 -0.625900 1.205570)
(-64.000000 -0.634800 1.197340)
(-63.500000 -0.643700 1.189110)
(-63.000000 -0.652600 1.180880)
(-62.500000 -0.661500 1.172650)
(-62.000000 -0.670400 1.164420)
(-61.500000 -0.679300 1.156190)
(-61.000000 -0.688200 1.147960)
(-60.500000 -0.697100 1.139730)
(-60.000000 -0.706000 1.131500)
(-59.500000 -0.713400 1.122130)
(-59.000000 -0.720800 1.112760)
(-58.500000 -0.728200 1.103390)
(-58.000000 -0.735600 1.094020)
(-57.500000 -0.743000 1.084650)
(-57.000000 -0.750400 1.075280)
(-56.500000 -0.757800 1.065910)
(-56.000000 -0.765200 1.056540)
(-55.500000 -0.772600 1.047170)
(-55.000000 -0.780000 1.037800)
(-54.500000 -0.785900 1.027430)
(-54.000000 -0.791800 1.017060)
(-53.500000 -0.797700 1.006690)
(-53.000000 -0.803600 0.996320)
(-52.500000 -0.809500 0.985950)
(-52.000000 -0.815400 0.975580)
(-51.500000 -0.821300 0.965210)
(-51.000000 -0.827200 0.954840)
(-50.500000 -0.833100 0.944470)
(-50.000000 -0.839000 0.934100)
(-49.500000 -0.843000 0.922900)
(-49.000000 -0.847000 0.911700)
(-48.500000 -0.851000 0.900500)
(-48.000000 -0.855000 0.889300)
(-47.500000 -0.859000 0.878100)
(-47.000000 -0.863000 0.866900)
(-46.500000 -0.867000 0.855700)
(-46.000000 -0.871000 0.844500)
(-45.500000 -0.875000 0.833300)
(-45.000000 -0.879000 0.822100)
(-44.500000 -0.880900 0.810310)
(-44.000000 -0.882800 0.798520)
(-43.500000 -0.884700 0.786730)
(-43.000000 -0.886600 0.774940)
(-42.500000 -0.888500 0.763150)
(-42.000000 -0.890400 0.751360)
(-41.500000 -0.892300 0.739570)
(-41.000000 -0.894200 0.727780)
(-40.500000 -0.896100 0.715990)
(-40.000000 -0.898000 0.704200)
(-39.500000 -0.897500 0.692070)
(-39.000000 -0.897000 0.679940)
(-38.500000 -0.896500 0.667810)
(-38.000000 -0.896000 0.655680)
(-37.500000 -0.895500 0.643550)
(-37.000000 -0.895000 0.631420)
(-36.500000 -0.894500 0.619290)
(-36.000000 -0.894000 0.607160)
(-35.500000 -0.893500 0.595030)
(-35.000000 -0.893000 0.582900)
(-34.500000 -0.889900 0.570770)
(-34.000000 -0.886800 0.558640)
(-33.500000 -0.883700 0.546510)
(-33.000000 -0.880600 0.534380)
(-32.500000 -0.877500 0.522250)
(-32.000000 -0.874400 0.510120)
(-31.500000 -0.871300 0.497990)
(-31.000000 -0.868200 0.485860)
(-30.500000 -0.865100 0.473730)
(-30.000000 -0.862000 0.461600)
(-29.500000 -0.856100 0.449850)
(-29.000000 -0.850200 0.438100)
(-28.500000 -0.844300 0.426350)
(-28.000000 -0.838400 0.414600)
(-27.500000 -0.832500 0.402850)
(-27.000000 -0.826600 0.391100)
(-26.500000 -0.820700 0.379350)
(-26.000000 -0.814800 0.367600)
(-25.500000 -0.808900 0.355850)
(-25.000000 -0.803000 0.344100)
(-24.500000 -0.797500 0.332500)
(-24.000000 -0.792000 0.320900)
(-23.500000 -0.790500 0.309050)
(-23.000000 -0.789000 0.297200)
(-22.500000 -0.790500 0.285100)
(-22.000000 -0.792000 0.273000)
(-21.500000 -0.796500 0.260750)
(-21.000000 -0.801000 0.248500)
(-20.500000 -0.808000 0.236100)
(-20.000000 -0.815000 0.223700)
(-19.500000 -0.824000 0.211350)
(-19.000000 -0.833000 0.199000)
(-18.500000 -0.843500 0.186650)
(-18.000000 -0.854000 0.174300)
(-17.500000 -0.866500 0.162050)
(-17.000000 -0.879000 0.149800)
(-16.500000 -0.892000 0.137700)
(-16.000000 -0.905000 0.125600)
(-15.500000 -0.918500 0.113800)
(-15.000000 -0.932000 0.102000)
(-14.500000 -0.945500 0.090450)
(-14.000000 -0.959000 0.078900)
(-13.500000 -0.972000 0.067800)
(-13.000000 -0.985000 0.056700)
(-12.500000 -0.968838 0.041751)
(-12.000000 -0.952475 0.027132)
(-11.500000 -0.926238 0.028716)
(-11.000000 -0.900000 0.030300)
(-10.500000 -0.864216 0.029516)
(-10.000000 -0.828431 0.028731)
(-9.500000 -0.791480 0.027932)
(-9.000000 -0.754480 0.027132)
(-8.500000 -0.694647 0.026441)
(-8.000000 -0.628333 0.019488)
(-7.500000 -0.561667 0.012135)
(-7.000000 -0.492961 0.010526)
(-6.500000 -0.424029 0.009555)
(-6.000000 -0.354529 0.009071)
(-5.500000 -0.284922 0.008678)
(-5.000000 -0.220000 0.007300)
(-4.500000 -0.152000 0.007100)
(-4.000000 -0.084000 0.007000)
(-3.500000 -0.018000 0.006900)
(-3.000000 0.049000 0.006800)
(-2.500000 0.115000 0.006800)
(-2.000000 0.181000 0.006800)
(-1.500000 0.247000 0.006700)
(-1.000000 0.312000 0.006700)
(-0.500000 0.377000 0.006700)
(0.000000 0.444000 0.006500)
(0.500000 0.508000 0.006500)
(1.000000 0.573000 0.006600)
(1.500000 0.636000 0.006700)
(2.000000 0.701000 0.006800)
(2.500000 0.765000 0.006900)
(3.000000 0.827000 0.007000)
(3.500000 0.890000 0.007100)
(4.000000 0.952000 0.007300)
(4.500000 1.013000 0.007600)
(5.000000 1.062000 0.007900)
(5.500000 1.111500 0.008900)
(6.000000 1.161000 0.009900)
(6.500000 1.208000 0.011700)
(7.000000 1.254000 0.013200)
(7.500000 1.301000 0.014300)
(8.000000 1.336000 0.015300)
(8.500000 1.369000 0.016500)
(9.000000 1.400000 0.018100)
(9.500000 1.428000 0.021100)
(10.000000 1.442000 0.026200)
(10.500000 1.427000 0.033600)
(11.000000 1.374000 0.042000)
(11.500000 1.316000 0.051500)
(12.000000 1.277000 0.060100)
(12.500000 1.250000 0.069300)
(13.000000 1.246000 0.078500)
(13.500000 1.247000 0.088800)
(14.000000 1.256000 0.100000)
(14.500000 1.260000 0.110800)
(15.000000 1.271000 0.121900)
(15.500000 1.281000 0.132500)
(16.000000 1.289000 0.143300)
(16.500000 1.294000 0.154100)
(17.000000 1.304000 0.164900)
(17.500000 1.309000 0.175400)
(18.000000 1.315000 0.184500)
(18.500000 1.320000 0.195300)
(19.000000 1.330000 0.206100)
(19.500000 1.343000 0.217000)
(20.000000 1.354000 0.228000)
(20.500000 1.359000 0.239000)
(21.000000 1.360000 0.253600)
(21.500000 1.342500 0.267500)
(22.000000 1.325000 0.281400)
(22.500000 1.306500 0.295600)
(23.000000 1.288000 0.309800)
(23.500000 1.269500 0.324200)
(24.000000 1.251000 0.338600)
(24.500000 1.233000 0.353200)
(25.000000 1.215000 0.367800)
(25.500000 1.198000 0.382500)
(26.000000 1.181000 0.397200)
(26.500000 1.165750 0.411975)
(27.000000 1.150500 0.426750)
(27.500000 1.135250 0.441525)
(28.000000 1.120000 0.456300)
(28.500000 1.109000 0.470950)
(29.000000 1.098000 0.485600)
(29.500000 1.087000 0.500250)
(30.000000 1.076000 0.514900)
(30.500000 1.071000 0.529175)
(31.000000 1.066000 0.543450)
(31.500000 1.061000 0.557725)
(32.000000 1.056000 0.572000)
(32.500000 1.057667 0.585800)
(33.000000 1.059333 0.599600)
(33.500000 1.061000 0.613400)
(34.000000 1.062667 0.627200)
(34.500000 1.064333 0.641000)
(35.000000 1.066000 0.654800)
(35.500000 1.065800 0.668330)
(36.000000 1.065600 0.681860)
(36.500000 1.065400 0.695390)
(37.000000 1.065200 0.708920)
(37.500000 1.065000 0.722450)
(38.000000 1.064800 0.735980)
(38.500000 1.064600 0.749510)
(39.000000 1.064400 0.763040)
(39.500000 1.064200 0.776570)
(40.000000 1.064000 0.790100)
(40.500000 1.061100 0.802990)
(41.000000 1.058200 0.815880)
(41.500000 1.055300 0.828770)
(42.000000 1.052400 0.841660)
(42.500000 1.049500 0.854550)
(43.000000 1.046600 0.867440)
(43.500000 1.043700 0.880330)
(44.000000 1.040800 0.893220)
(44.500000 1.037900 0.906110)
(45.000000 1.035000 0.919000)
(45.500000 1.029500 0.930880)
(46.000000 1.024000 0.942760)
(46.500000 1.018500 0.954640)
(47.000000 1.013000 0.966520)
(47.500000 1.007500 0.978400)
(48.000000 1.002000 0.990280)
(48.500000 0.996500 1.002160)
(49.000000 0.991000 1.014040)
(49.500000 0.985500 1.025920)
(50.000000 0.980000 1.037800)
(50.500000 0.972400 1.048360)
(51.000000 0.964800 1.058920)
(51.500000 0.957200 1.069480)
(52.000000 0.949600 1.080040)
(52.500000 0.942000 1.090600)
(53.000000 0.934400 1.101160)
(53.500000 0.926800 1.111720)
(54.000000 0.919200 1.122280)
(54.500000 0.911600 1.132840)
(55.000000 0.904000 1.143400)
(55.500000 0.894600 1.152390)
(56.000000 0.885200 1.161380)
(56.500000 0.875800 1.170370)
(57.000000 0.866400 1.179360)
(57.500000 0.857000 1.188350)
(58.000000 0.847600 1.197340)
(58.500000 0.838200 1.206330)
(59.000000 0.828800 1.215320)
(59.500000 0.819400 1.224310)
(60.000000 0.810000 1.233300)
(60.500000 0.799200 1.240520)
(61.000000 0.788400 1.247740)
(61.500000 0.777600 1.254960)
(62.000000 0.766800 1.262180)
(62.500000 0.756000 1.269400)
(63.000000 0.745200 1.276620)
(63.500000 0.734400 1.283840)
(64.000000 0.723600 1.291060)
(64.500000 0.712800 1.298280)
(65.000000 0.702000 1.305500)
(65.500000 0.690000 1.310820)
(66.000000 0.678000 1.316140)
(66.500000 0.666000 1.321460)
(67.000000 0.654000 1.326780)
(67.500000 0.642000 1.332100)
(68.000000 0.630000 1.337420)
(68.500000 0.618000 1.342740)
(69.000000 0.606000 1.348060)
(69.500000 0.594000 1.353380)
(70.000000 0.582000 1.358700)
(70.500000 0.569400 1.362050)
(71.000000 0.556800 1.365400)
(71.500000 0.544200 1.368750)
(72.000000 0.531600 1.372100)
(72.500000 0.519000 1.375450)
(73.000000 0.506400 1.378800)
(73.500000 0.493800 1.382150)
(74.000000 0.481200 1.385500)
(74.500000 0.468600 1.388850)
(75.000000 0.456000 1.392200)
(75.500000 0.443000 1.393610)
(76.000000 0.430000 1.395020)
(76.500000 0.417000 1.396430)
(77.000000 0.404000 1.397840)
(77.500000 0.391000 1.399250)
(78.000000 0.378000 1.400660)
(78.500000 0.365000 1.402070)
(79.000000 0.352000 1.403480)
(79.500000 0.339000 1.404890)
(80.000000 0.326000 1.406300)
(80.500000 0.313100 1.406090)
(81.000000 0.300200 1.405880)
(81.500000 0.287300 1.405670)
(82.000000 0.274400 1.405460)
(82.500000 0.261500 1.405250)
(83.000000 0.248600 1.405040)
(83.500000 0.235700 1.404830)
(84.000000 0.222800 1.404620)
(84.500000 0.209900 1.404410)
(85.000000 0.197000 1.404200)
(85.500000 0.184500 1.403630)
(86.000000 0.172000 1.403060)
(86.500000 0.159500 1.402490)
(87.000000 0.147000 1.401920)
(87.500000 0.134500 1.401350)
(88.000000 0.122000 1.400780)
(88.500000 0.109500 1.400210)
(89.000000 0.097000 1.399640)
(89.500000 0.084500 1.399070)
(90.000000 0.072000 1.398500)
(90.500000 0.059800 1.398380)
(91.000000 0.047600 1.398260)
(91.500000 0.035400 1.398140)
(92.000000 0.023200 1.398020)
(92.500000 0.011000 1.397900)
(93.000000 -0.001200 1.397780)
(93.500000 -0.013400 1.397660)
(94.000000 -0.025600 1.397540)
(94.500000 -0.037800 1.397420)
(95.000000 -0.050000 1.397300)
(95.500000 -0.062000 1.395670)
(96.000000 -0.074000 1.394040)
(96.500000 -0.086000 1.392410)
(97.000000 -0.098000 1.390780)
(97.500000 -0.110000 1.389150)
(98.000000 -0.122000 1.387520)
(98.500000 -0.134000 1.385890)
(99.000000 -0.146000 1.384260)
(99.500000 -0.158000 1.382630)
(100.000000 -0.170000 1.381000)
(100.500000 -0.181700 1.377880)
(101.000000 -0.193400 1.374760)
(101.500000 -0.205100 1.371640)
(102.000000 -0.216800 1.368520)
(102.500000 -0.228500 1.365400)
(103.000000 -0.240200 1.362280)
(103.500000 -0.251900 1.359160)
(104.000000 -0.263600 1.356040)
(104.500000 -0.275300 1.352920)
(105.000000 -0.287000 1.349800)
(105.500000 -0.298200 1.345230)
(106.000000 -0.309400 1.340660)
(106.500000 -0.320600 1.336090)
(107.000000 -0.331800 1.331520)
(107.500000 -0.343000 1.326950)
(108.000000 -0.354200 1.322380)
(108.500000 -0.365400 1.317810)
(109.000000 -0.376600 1.313240)
(109.500000 -0.387800 1.308670)
(110.000000 -0.399000 1.304100)
(110.500000 -0.409300 1.298110)
(111.000000 -0.419600 1.292120)
(111.500000 -0.429900 1.286130)
(112.000000 -0.440200 1.280140)
(112.500000 -0.450500 1.274150)
(113.000000 -0.460800 1.268160)
(113.500000 -0.471100 1.262170)
(114.000000 -0.481400 1.256180)
(114.500000 -0.491700 1.250190)
(115.000000 -0.502000 1.244200)
(115.500000 -0.511400 1.236870)
(116.000000 -0.520800 1.229540)
(116.500000 -0.530200 1.222210)
(117.000000 -0.539600 1.214880)
(117.500000 -0.549000 1.207550)
(118.000000 -0.558400 1.200220)
(118.500000 -0.567800 1.192890)
(119.000000 -0.577200 1.185560)
(119.500000 -0.586600 1.178230)
(120.000000 -0.596000 1.170900)
(120.500000 -0.604100 1.162330)
(121.000000 -0.612200 1.153760)
(121.500000 -0.620300 1.145190)
(122.000000 -0.628400 1.136620)
(122.500000 -0.636500 1.128050)
(123.000000 -0.644600 1.119480)
(123.500000 -0.652700 1.110910)
(124.000000 -0.660800 1.102340)
(124.500000 -0.668900 1.093770)
(125.000000 -0.677000 1.085200)
(125.500000 -0.683600 1.075510)
(126.000000 -0.690200 1.065820)
(126.500000 -0.696800 1.056130)
(127.000000 -0.703400 1.046440)
(127.500000 -0.710000 1.036750)
(128.000000 -0.716600 1.027060)
(128.500000 -0.723200 1.017370)
(129.000000 -0.729800 1.007680)
(129.500000 -0.736400 0.997990)
(130.000000 -0.743000 0.988300)
(130.500000 -0.747900 0.977650)
(131.000000 -0.752800 0.967000)
(131.500000 -0.757700 0.956350)
(132.000000 -0.762600 0.945700)
(132.500000 -0.767500 0.935050)
(133.000000 -0.772400 0.924400)
(133.500000 -0.777300 0.913750)
(134.000000 -0.782200 0.903100)
(134.500000 -0.787100 0.892450)
(135.000000 -0.792000 0.881800)
(135.500000 -0.794900 0.870380)
(136.000000 -0.797800 0.858960)
(136.500000 -0.800700 0.847540)
(137.000000 -0.803600 0.836120)
(137.500000 -0.806500 0.824700)
(138.000000 -0.809400 0.813280)
(138.500000 -0.812300 0.801860)
(139.000000 -0.815200 0.790440)
(139.500000 -0.818100 0.779020)
(140.000000 -0.821000 0.767600)
(140.500000 -0.821500 0.755650)
(141.000000 -0.822000 0.743700)
(141.500000 -0.822500 0.731750)
(142.000000 -0.823000 0.719800)
(142.500000 -0.823500 0.707850)
(143.000000 -0.824000 0.695900)
(143.500000 -0.824500 0.683950)
(144.000000 -0.825000 0.672000)
(144.500000 -0.825500 0.660050)
(145.000000 -0.826000 0.648100)
(145.500000 -0.824000 0.635930)
(146.000000 -0.822000 0.623760)
(146.500000 -0.820000 0.611590)
(147.000000 -0.818000 0.599420)
(147.500000 -0.816000 0.587250)
(148.000000 -0.814000 0.575080)
(148.500000 -0.812000 0.562910)
(149.000000 -0.810000 0.550740)
(149.500000 -0.808000 0.538570)
(150.000000 -0.806000 0.526400)
(150.500000 -0.801200 0.514360)
(151.000000 -0.796400 0.502320)
(151.500000 -0.791600 0.490280)
(152.000000 -0.786800 0.478240)
(152.500000 -0.782000 0.466200)
(153.000000 -0.777200 0.454160)
(153.500000 -0.772400 0.442120)
(154.000000 -0.767600 0.430080)
(154.500000 -0.762800 0.418040)
(155.000000 -0.758000 0.406000)
(155.500000 -0.750100 0.394520)
(156.000000 -0.742200 0.383040)
(156.500000 -0.734300 0.371560)
(157.000000 -0.726400 0.360080)
(157.500000 -0.718500 0.348600)
(158.000000 -0.710600 0.337120)
(158.500000 -0.702700 0.325640)
(159.000000 -0.694800 0.314160)
(159.500000 -0.686900 0.302680)
(160.000000 -0.679000 0.291200)
(160.500000 -0.681800 0.281615)
(161.000000 -0.684600 0.272030)
(161.500000 -0.687400 0.262445)
(162.000000 -0.690200 0.252860)
(162.500000 -0.693000 0.243275)
(163.000000 -0.695800 0.233690)
(163.500000 -0.698600 0.224105)
(164.000000 -0.701400 0.214520)
(164.500000 -0.704200 0.204935)
(165.000000 -0.707000 0.195350)
(165.500000 -0.709800 0.185765)
(166.000000 -0.712600 0.176180)
(166.500000 -0.715400 0.166595)
(167.000000 -0.718200 0.157010)
(167.500000 -0.721000 0.147425)
(168.000000 -0.723800 0.137840)
(168.500000 -0.726600 0.128255)
(169.000000 -0.729400 0.118670)
(169.500000 -0.732200 0.109085)
(170.000000 -0.735000 0.099500)
(170.500000 -0.698300 0.093110)
(171.000000 -0.661600 0.086720)
(171.500000 -0.624900 0.080330)
(172.000000 -0.588200 0.073940)
(172.500000 -0.551500 0.067550)
(173.000000 -0.514800 0.061160)
(173.500000 -0.478100 0.054770)
(174.000000 -0.441400 0.048380)
(174.500000 -0.404700 0.041990)
(175.000000 -0.368000 0.035600)
(175.500000 -0.331200 0.034060)
(176.000000 -0.294400 0.032520)
(176.500000 -0.257600 0.030980)
(177.000000 -0.220800 0.029440)
(177.500000 -0.184000 0.027900)
(178.000000 -0.147200 0.026360)
(178.500000 -0.110400 0.024820)
(179.000000 -0.073600 0.023280)
(179.500000 -0.036800 0.021740)
(180.000000 0.000000 0.020200)
