// Polars table of section_8 for NREL 5MW 
// AOA    Cl    Cd 
(-180.000000 0.000000 0.054106)
(-179.500000 0.021956 0.055086)
(-179.000000 0.043913 0.056065)
(-178.500000 0.065869 0.057044)
(-178.000000 0.087825 0.058024)
(-177.500000 0.109781 0.059003)
(-177.000000 0.131738 0.059982)
(-176.500000 0.153694 0.060962)
(-176.000000 0.175650 0.061941)
(-175.500000 0.197606 0.062921)
(-175.000000 0.219562 0.063900)
(-174.500000 0.237556 0.068418)
(-174.000000 0.255550 0.072935)
(-173.500000 0.273544 0.077453)
(-173.000000 0.291538 0.081970)
(-172.500000 0.309531 0.086488)
(-172.000000 0.327525 0.091005)
(-171.500000 0.345519 0.095523)
(-171.000000 0.363513 0.100040)
(-170.500000 0.381506 0.104557)
(-170.000000 0.399500 0.109075)
(-169.500000 0.411875 0.118748)
(-169.000000 0.424250 0.128421)
(-168.500000 0.436625 0.138093)
(-168.000000 0.449000 0.147766)
(-167.500000 0.461375 0.157439)
(-167.000000 0.473750 0.167112)
(-166.500000 0.486125 0.176785)
(-166.000000 0.498500 0.186457)
(-165.500000 0.510875 0.196130)
(-165.000000 0.523250 0.205803)
(-164.500000 0.535625 0.215476)
(-164.000000 0.548000 0.225149)
(-163.500000 0.560375 0.234822)
(-163.000000 0.572750 0.244494)
(-162.500000 0.585125 0.254167)
(-162.000000 0.597500 0.263840)
(-161.500000 0.609875 0.273513)
(-161.000000 0.622250 0.283186)
(-160.500000 0.634625 0.292858)
(-160.000000 0.647000 0.302531)
(-159.500000 0.654362 0.313887)
(-159.000000 0.661725 0.325242)
(-158.500000 0.669087 0.336598)
(-158.000000 0.676450 0.347954)
(-157.500000 0.683812 0.359309)
(-157.000000 0.691175 0.370665)
(-156.500000 0.698538 0.382021)
(-156.000000 0.705900 0.393376)
(-155.500000 0.713262 0.404732)
(-155.000000 0.720625 0.416087)
(-154.500000 0.724919 0.427882)
(-154.000000 0.729212 0.439676)
(-153.500000 0.733506 0.451471)
(-153.000000 0.737800 0.463265)
(-152.500000 0.742094 0.475059)
(-152.000000 0.746387 0.486854)
(-151.500000 0.750681 0.498648)
(-151.000000 0.754975 0.510443)
(-150.500000 0.759269 0.522237)
(-150.000000 0.763563 0.534031)
(-149.500000 0.765125 0.545878)
(-149.000000 0.766687 0.557725)
(-148.500000 0.768250 0.569572)
(-148.000000 0.769813 0.581419)
(-147.500000 0.771375 0.593266)
(-147.000000 0.772938 0.605112)
(-146.500000 0.774500 0.616959)
(-146.000000 0.776062 0.628806)
(-145.500000 0.777625 0.640653)
(-145.000000 0.779188 0.652500)
(-144.500000 0.778250 0.664059)
(-144.000000 0.777313 0.675619)
(-143.500000 0.776375 0.687178)
(-143.000000 0.775438 0.698738)
(-142.500000 0.774500 0.710297)
(-142.000000 0.773563 0.721856)
(-141.500000 0.772625 0.733416)
(-141.000000 0.771687 0.744975)
(-140.500000 0.770750 0.756534)
(-140.000000 0.769813 0.768094)
(-139.500000 0.766744 0.779079)
(-139.000000 0.763675 0.790065)
(-138.500000 0.760606 0.801051)
(-138.000000 0.757537 0.812036)
(-137.500000 0.754469 0.823022)
(-137.000000 0.751400 0.834008)
(-136.500000 0.748331 0.844993)
(-136.000000 0.745262 0.855979)
(-135.500000 0.742194 0.866964)
(-135.000000 0.739125 0.877950)
(-134.500000 0.734088 0.888132)
(-134.000000 0.729050 0.898314)
(-133.500000 0.724012 0.908496)
(-133.000000 0.718975 0.918677)
(-132.500000 0.713938 0.928859)
(-132.000000 0.708900 0.939041)
(-131.500000 0.703863 0.949223)
(-131.000000 0.698825 0.959405)
(-130.500000 0.693788 0.969587)
(-130.000000 0.688750 0.979769)
(-129.500000 0.682050 0.988967)
(-129.000000 0.675350 0.998165)
(-128.500000 0.668650 1.007363)
(-128.000000 0.661950 1.016561)
(-127.500000 0.655250 1.025759)
(-127.000000 0.648550 1.034957)
(-126.500000 0.641850 1.044156)
(-126.000000 0.635150 1.053354)
(-125.500000 0.628450 1.062552)
(-125.000000 0.621750 1.071750)
(-124.500000 0.613650 1.079818)
(-124.000000 0.605550 1.087886)
(-123.500000 0.597450 1.095954)
(-123.000000 0.589350 1.104023)
(-122.500000 0.581250 1.112091)
(-122.000000 0.573150 1.120159)
(-121.500000 0.565050 1.128227)
(-121.000000 0.556950 1.136295)
(-120.500000 0.548850 1.144363)
(-120.000000 0.540750 1.152431)
(-119.500000 0.531450 1.159259)
(-119.000000 0.522150 1.166087)
(-118.500000 0.512850 1.172916)
(-118.000000 0.503550 1.179744)
(-117.500000 0.494250 1.186572)
(-117.000000 0.484950 1.193400)
(-116.500000 0.475650 1.200228)
(-116.000000 0.466350 1.207056)
(-115.500000 0.457050 1.213884)
(-115.000000 0.447750 1.220713)
(-114.500000 0.437550 1.226211)
(-114.000000 0.427350 1.231709)
(-113.500000 0.417150 1.237207)
(-113.000000 0.406950 1.242705)
(-112.500000 0.396750 1.248203)
(-112.000000 0.386550 1.253701)
(-111.500000 0.376350 1.259199)
(-111.000000 0.366150 1.264698)
(-110.500000 0.355950 1.270196)
(-110.000000 0.345750 1.275694)
(-109.500000 0.334819 1.279792)
(-109.000000 0.323887 1.283890)
(-108.500000 0.312956 1.287988)
(-108.000000 0.302025 1.292086)
(-107.500000 0.291094 1.296184)
(-107.000000 0.280162 1.300283)
(-106.500000 0.269231 1.304381)
(-106.000000 0.258300 1.308479)
(-105.500000 0.247369 1.312577)
(-105.000000 0.236437 1.316675)
(-104.500000 0.224975 1.319347)
(-104.000000 0.213512 1.322019)
(-103.500000 0.202050 1.324691)
(-103.000000 0.190588 1.327363)
(-102.500000 0.179125 1.330034)
(-102.000000 0.167663 1.332706)
(-101.500000 0.156200 1.335378)
(-101.000000 0.144738 1.338050)
(-100.500000 0.133275 1.340722)
(-100.000000 0.121813 1.343394)
(-99.500000 0.110150 1.344599)
(-99.000000 0.098488 1.345805)
(-98.500000 0.086825 1.347011)
(-98.000000 0.075163 1.348216)
(-97.500000 0.063500 1.349422)
(-97.000000 0.051838 1.350627)
(-96.500000 0.040175 1.351833)
(-96.000000 0.028512 1.353039)
(-95.500000 0.016850 1.354244)
(-95.000000 0.005188 1.355450)
(-94.500000 -0.006644 1.355193)
(-94.000000 -0.018475 1.354935)
(-93.500000 -0.030306 1.354677)
(-93.000000 -0.042138 1.354420)
(-92.500000 -0.053969 1.354162)
(-92.000000 -0.065800 1.353905)
(-91.500000 -0.077631 1.353648)
(-91.000000 -0.089463 1.353390)
(-90.500000 -0.101294 1.353133)
(-90.000000 -0.113125 1.352875)
(-89.500000 -0.124787 1.351161)
(-89.000000 -0.136450 1.349448)
(-88.500000 -0.148112 1.347734)
(-88.000000 -0.159775 1.346020)
(-87.500000 -0.171437 1.344306)
(-87.000000 -0.183100 1.342593)
(-86.500000 -0.194763 1.340879)
(-86.000000 -0.206425 1.339165)
(-85.500000 -0.218087 1.337451)
(-85.000000 -0.229750 1.335738)
(-84.500000 -0.241113 1.332597)
(-84.000000 -0.252475 1.329458)
(-83.500000 -0.263837 1.326318)
(-83.000000 -0.275200 1.323177)
(-82.500000 -0.286562 1.320037)
(-82.000000 -0.297925 1.316897)
(-81.500000 -0.309287 1.313758)
(-81.000000 -0.320650 1.310618)
(-80.500000 -0.332013 1.307478)
(-80.000000 -0.343375 1.304337)
(-79.500000 -0.354169 1.299805)
(-79.000000 -0.364962 1.295273)
(-78.500000 -0.375756 1.290740)
(-78.000000 -0.386550 1.286207)
(-77.500000 -0.397344 1.281675)
(-77.000000 -0.408138 1.277143)
(-76.500000 -0.418931 1.272610)
(-76.000000 -0.429725 1.268077)
(-75.500000 -0.440519 1.263545)
(-75.000000 -0.451313 1.259013)
(-74.500000 -0.461475 1.253151)
(-74.000000 -0.471637 1.247289)
(-73.500000 -0.481800 1.241427)
(-73.000000 -0.491963 1.235565)
(-72.500000 -0.502125 1.229703)
(-72.000000 -0.512288 1.223841)
(-71.500000 -0.522450 1.217979)
(-71.000000 -0.532613 1.212118)
(-70.500000 -0.542775 1.206256)
(-70.000000 -0.552938 1.200394)
(-69.500000 -0.562063 1.193276)
(-69.000000 -0.571188 1.186158)
(-68.500000 -0.580313 1.179039)
(-68.000000 -0.589438 1.171921)
(-67.500000 -0.598563 1.164803)
(-67.000000 -0.607688 1.157685)
(-66.500000 -0.616812 1.150567)
(-66.000000 -0.625938 1.143449)
(-65.500000 -0.635062 1.136331)
(-65.000000 -0.644188 1.129212)
(-64.500000 -0.652250 1.120939)
(-64.000000 -0.660313 1.112665)
(-63.500000 -0.668375 1.104391)
(-63.000000 -0.676438 1.096118)
(-62.500000 -0.684500 1.087844)
(-62.000000 -0.692562 1.079570)
(-61.500000 -0.700625 1.071296)
(-61.000000 -0.708687 1.063023)
(-60.500000 -0.716750 1.054749)
(-60.000000 -0.724812 1.046475)
(-59.500000 -0.731406 1.037169)
(-59.000000 -0.738000 1.027863)
(-58.500000 -0.744594 1.018556)
(-58.000000 -0.751188 1.009250)
(-57.500000 -0.757781 0.999944)
(-57.000000 -0.764375 0.990638)
(-56.500000 -0.770969 0.981331)
(-56.000000 -0.777563 0.972025)
(-55.500000 -0.784156 0.962719)
(-55.000000 -0.790750 0.953412)
(-54.500000 -0.795813 0.943224)
(-54.000000 -0.800875 0.933035)
(-53.500000 -0.805937 0.922846)
(-53.000000 -0.811000 0.912657)
(-52.500000 -0.816063 0.902469)
(-52.000000 -0.821125 0.892280)
(-51.500000 -0.826187 0.882091)
(-51.000000 -0.831250 0.871903)
(-50.500000 -0.836312 0.861714)
(-50.000000 -0.841375 0.851525)
(-49.500000 -0.844669 0.840654)
(-49.000000 -0.847962 0.829783)
(-48.500000 -0.851256 0.818911)
(-48.000000 -0.854550 0.808040)
(-47.500000 -0.857844 0.797169)
(-47.000000 -0.861138 0.786297)
(-46.500000 -0.864431 0.775426)
(-46.000000 -0.867725 0.764555)
(-45.500000 -0.871019 0.753684)
(-45.000000 -0.874313 0.742813)
(-44.500000 -0.875575 0.731466)
(-44.000000 -0.876838 0.720119)
(-43.500000 -0.878100 0.708772)
(-43.000000 -0.879363 0.697425)
(-42.500000 -0.880625 0.686078)
(-42.000000 -0.881887 0.674731)
(-41.500000 -0.883150 0.663384)
(-41.000000 -0.884413 0.652038)
(-40.500000 -0.885675 0.640691)
(-40.000000 -0.886938 0.629344)
(-39.500000 -0.885900 0.617804)
(-39.000000 -0.884863 0.606265)
(-38.500000 -0.883825 0.594726)
(-38.000000 -0.882787 0.583186)
(-37.500000 -0.881750 0.571647)
(-37.000000 -0.880713 0.560108)
(-36.500000 -0.879675 0.548568)
(-36.000000 -0.878637 0.537029)
(-35.500000 -0.877600 0.525489)
(-35.000000 -0.876563 0.513950)
(-34.500000 -0.873025 0.502528)
(-34.000000 -0.869488 0.491106)
(-33.500000 -0.865950 0.479684)
(-33.000000 -0.862413 0.468263)
(-32.500000 -0.858875 0.456841)
(-32.000000 -0.855337 0.445419)
(-31.500000 -0.851800 0.433997)
(-31.000000 -0.848262 0.422575)
(-30.500000 -0.844725 0.411153)
(-30.000000 -0.841187 0.399731)
(-29.500000 -0.834987 0.388814)
(-29.000000 -0.828788 0.377896)
(-28.500000 -0.822587 0.366979)
(-28.000000 -0.816388 0.356061)
(-27.500000 -0.810187 0.345144)
(-27.000000 -0.803988 0.334226)
(-26.500000 -0.797787 0.323309)
(-26.000000 -0.791588 0.312391)
(-25.500000 -0.785388 0.301474)
(-25.000000 -0.779188 0.290556)
(-24.500000 -0.771187 0.280112)
(-24.000000 -0.763188 0.269669)
(-23.500000 -0.754687 0.259459)
(-23.000000 -0.746188 0.249250)
(-22.500000 -0.736844 0.239256)
(-22.000000 -0.727500 0.229263)
(-21.500000 -0.718000 0.219519)
(-21.000000 -0.708500 0.209775)
(-20.500000 -0.698000 0.200281)
(-20.000000 -0.687500 0.190787)
(-19.500000 -0.676156 0.181853)
(-19.000000 -0.664813 0.172919)
(-18.500000 -0.651938 0.164781)
(-18.000000 -0.639063 0.156644)
(-17.500000 -0.625000 0.149269)
(-17.000000 -0.610937 0.141894)
(-16.500000 -0.595656 0.135294)
(-16.000000 -0.580375 0.128694)
(-15.500000 -0.564219 0.122903)
(-15.000000 -0.548063 0.117113)
(-14.500000 -0.531187 0.112028)
(-14.000000 -0.514313 0.106944)
(-13.500000 -0.496750 0.102631)
(-13.000000 -0.479188 0.098319)
(-12.500000 -0.460594 0.094678)
(-12.000000 -0.442000 0.091037)
(-11.500000 -0.422719 0.088100)
(-11.000000 -0.403438 0.085163)
(-10.500000 -0.383625 0.082928)
(-10.000000 -0.363812 0.080694)
(-9.500000 -0.342781 0.079664)
(-9.000000 -0.321750 0.078634)
(-8.500000 -0.300719 0.077605)
(-8.000000 -0.279687 0.076575)
(-7.500000 -0.259687 0.071420)
(-7.000000 -0.239687 0.066266)
(-6.500000 -0.219687 0.061111)
(-6.000000 -0.199687 0.055956)
(-5.500000 -0.181537 0.049819)
(-5.000000 -0.161713 0.044565)
(-4.500000 -0.157062 0.039070)
(-4.000000 -0.146862 0.033664)
(-3.500000 -0.106100 0.029011)
(-3.000000 -0.072938 0.028056)
(-2.500000 -0.041313 0.023406)
(-2.000000 -0.022250 0.018613)
(-1.500000 -0.003188 0.015556)
(-1.000000 0.041000 0.013794)
(-0.500000 0.088000 0.012669)
(0.000000 0.155438 0.010706)
(0.500000 0.229250 0.010837)
(1.000000 0.305437 0.011175)
(1.500000 0.379938 0.011481)
(2.000000 0.452750 0.011650)
(2.500000 0.522125 0.011713)
(3.000000 0.588750 0.011675)
(3.500000 0.654062 0.011500)
(4.000000 0.720000 0.011463)
(4.500000 0.786312 0.011731)
(5.000000 0.851625 0.011969)
(5.500000 0.915563 0.012275)
(6.000000 0.979500 0.012719)
(6.500000 1.040750 0.013431)
(7.000000 1.099625 0.014456)
(7.500000 1.158125 0.015619)
(8.000000 1.213938 0.017363)
(8.500000 1.265750 0.019819)
(9.000000 1.312312 0.023062)
(9.500000 1.360812 0.026675)
(10.000000 1.401438 0.031894)
(10.500000 1.438437 0.038094)
(11.000000 1.470313 0.045937)
(11.500000 1.499000 0.054600)
(12.000000 1.525812 0.064506)
(12.500000 1.550563 0.076863)
(13.000000 1.571438 0.090056)
(13.500000 1.593938 0.103800)
(14.000000 1.609219 0.120181)
(14.500000 1.623250 0.138000)
(15.000000 1.636813 0.157453)
(15.500000 1.643500 0.177731)
(16.000000 1.649000 0.197719)
(16.500000 1.651938 0.219606)
(17.000000 1.655063 0.241213)
(17.500000 1.659000 0.263188)
(18.000000 1.665875 0.286944)
(18.500000 1.676094 0.308125)
(19.000000 1.686313 0.329306)
(19.500000 1.698875 0.350894)
(20.000000 1.714531 0.371234)
(20.500000 1.725187 0.391638)
(21.000000 1.733437 0.411250)
(21.500000 1.740000 0.431344)
(22.000000 1.746563 0.451437)
(22.500000 1.751625 0.472100)
(23.000000 1.756687 0.492762)
(23.500000 1.760563 0.513878)
(24.000000 1.764438 0.534994)
(24.500000 1.767281 0.556531)
(25.000000 1.770125 0.578069)
(25.500000 1.772125 0.599841)
(26.000000 1.774125 0.621613)
(26.500000 1.775422 0.643675)
(27.000000 1.776719 0.665737)
(27.500000 1.778016 0.687800)
(28.000000 1.779313 0.709863)
(28.500000 1.780641 0.731992)
(29.000000 1.781969 0.754122)
(29.500000 1.783297 0.776252)
(30.000000 1.784625 0.798381)
(30.500000 1.787062 0.820253)
(31.000000 1.789500 0.842125)
(31.500000 1.791937 0.863997)
(32.000000 1.794375 0.885869)
(32.500000 1.796760 0.907273)
(33.000000 1.799146 0.928677)
(33.500000 1.801531 0.950081)
(34.000000 1.803917 0.971485)
(34.500000 1.806302 0.992890)
(35.000000 1.808688 1.014294)
(35.500000 1.806431 1.034713)
(36.000000 1.804175 1.055133)
(36.500000 1.801919 1.075552)
(37.000000 1.799663 1.095971)
(37.500000 1.797406 1.116391)
(38.000000 1.795150 1.136810)
(38.500000 1.792894 1.157229)
(39.000000 1.790638 1.177649)
(39.500000 1.788381 1.198068)
(40.000000 1.786125 1.218488)
(40.500000 1.778606 1.236858)
(41.000000 1.771088 1.255229)
(41.500000 1.763569 1.273599)
(42.000000 1.756050 1.291970)
(42.500000 1.748531 1.310341)
(43.000000 1.741013 1.328711)
(43.500000 1.733494 1.347082)
(44.000000 1.725975 1.365452)
(44.500000 1.718456 1.383823)
(45.000000 1.710938 1.402194)
(45.500000 1.699031 1.417691)
(46.000000 1.687125 1.433188)
(46.500000 1.675219 1.448684)
(47.000000 1.663313 1.464181)
(47.500000 1.651406 1.479678)
(48.000000 1.639500 1.495175)
(48.500000 1.627594 1.510672)
(49.000000 1.615687 1.526169)
(49.500000 1.603781 1.541666)
(50.000000 1.591875 1.557163)
(50.500000 1.576356 1.569068)
(51.000000 1.560838 1.580972)
(51.500000 1.545319 1.592877)
(52.000000 1.529800 1.604782)
(52.500000 1.514281 1.616688)
(53.000000 1.498763 1.628592)
(53.500000 1.483244 1.640497)
(54.000000 1.467725 1.652402)
(54.500000 1.452206 1.664308)
(55.000000 1.436688 1.676212)
(55.500000 1.418256 1.683966)
(56.000000 1.399825 1.691720)
(56.500000 1.381394 1.699474)
(57.000000 1.362963 1.707228)
(57.500000 1.344531 1.714981)
(58.000000 1.326100 1.722735)
(58.500000 1.307669 1.730489)
(59.000000 1.289238 1.738242)
(59.500000 1.270806 1.745996)
(60.000000 1.252375 1.753750)
(60.500000 1.232175 1.756978)
(61.000000 1.211975 1.760205)
(61.500000 1.191775 1.763432)
(62.000000 1.171575 1.766660)
(62.500000 1.151375 1.769887)
(63.000000 1.131175 1.773115)
(63.500000 1.110975 1.776343)
(64.000000 1.090775 1.779570)
(64.500000 1.070575 1.782798)
(65.000000 1.050375 1.786025)
(65.500000 1.029275 1.784502)
(66.000000 1.008175 1.782979)
(66.500000 0.987075 1.781456)
(67.000000 0.965975 1.779933)
(67.500000 0.944875 1.778409)
(68.000000 0.923775 1.776886)
(68.500000 0.902675 1.775363)
(69.000000 0.881575 1.773840)
(69.500000 0.860475 1.772317)
(70.000000 0.839375 1.770794)
(70.500000 0.818488 1.764584)
(71.000000 0.797600 1.758375)
(71.500000 0.776712 1.752166)
(72.000000 0.755825 1.745956)
(72.500000 0.734938 1.739747)
(73.000000 0.714050 1.733538)
(73.500000 0.693163 1.727328)
(74.000000 0.672275 1.721119)
(74.500000 0.651388 1.714909)
(75.000000 0.630500 1.708700)
(75.500000 0.610694 1.698323)
(76.000000 0.590888 1.687946)
(76.500000 0.571081 1.677569)
(77.000000 0.551275 1.667193)
(77.500000 0.531469 1.656816)
(78.000000 0.511662 1.646439)
(78.500000 0.491856 1.636062)
(79.000000 0.472050 1.625685)
(79.500000 0.452244 1.615308)
(80.000000 0.432438 1.604931)
(80.500000 0.414956 1.592130)
(81.000000 0.397475 1.579329)
(81.500000 0.379994 1.566527)
(82.000000 0.362512 1.553726)
(82.500000 0.345031 1.540925)
(83.000000 0.327550 1.528124)
(83.500000 0.310069 1.515322)
(84.000000 0.292588 1.502521)
(84.500000 0.275106 1.489720)
(85.000000 0.257625 1.476919)
(85.500000 0.243544 1.468523)
(86.000000 0.229462 1.460128)
(86.500000 0.215381 1.451732)
(87.000000 0.201300 1.443336)
(87.500000 0.187219 1.434941)
(88.000000 0.173137 1.426545)
(88.500000 0.159056 1.418149)
(89.000000 0.144975 1.409754)
(89.500000 0.130894 1.401358)
(90.000000 0.116812 1.392962)
(90.500000 0.104581 1.393227)
(91.000000 0.092350 1.393491)
(91.500000 0.080119 1.393756)
(92.000000 0.067887 1.394020)
(92.500000 0.055656 1.394284)
(93.000000 0.043425 1.394549)
(93.500000 0.031194 1.394813)
(94.000000 0.018962 1.395077)
(94.500000 0.006731 1.395342)
(95.000000 -0.005500 1.395606)
(95.500000 -0.017531 1.394367)
(96.000000 -0.029563 1.393129)
(96.500000 -0.041594 1.391890)
(97.000000 -0.053625 1.390651)
(97.500000 -0.065656 1.389412)
(98.000000 -0.077687 1.388174)
(98.500000 -0.089719 1.386935)
(99.000000 -0.101750 1.385696)
(99.500000 -0.113781 1.384457)
(100.000000 -0.125812 1.383219)
(100.500000 -0.137544 1.380480)
(101.000000 -0.149275 1.377741)
(101.500000 -0.161006 1.375002)
(102.000000 -0.172737 1.372264)
(102.500000 -0.184469 1.369525)
(103.000000 -0.196200 1.366786)
(103.500000 -0.207931 1.364047)
(104.000000 -0.219662 1.361309)
(104.500000 -0.231394 1.358570)
(105.000000 -0.243125 1.355831)
(105.500000 -0.254425 1.351619)
(106.000000 -0.265725 1.347408)
(106.500000 -0.277025 1.343196)
(107.000000 -0.288325 1.338984)
(107.500000 -0.299625 1.334772)
(108.000000 -0.310925 1.330560)
(108.500000 -0.322225 1.326348)
(109.000000 -0.333525 1.322136)
(109.500000 -0.344825 1.317924)
(110.000000 -0.356125 1.313712)
(110.500000 -0.366656 1.308071)
(111.000000 -0.377188 1.302429)
(111.500000 -0.387719 1.296787)
(112.000000 -0.398250 1.291145)
(112.500000 -0.408781 1.285503)
(113.000000 -0.419312 1.279861)
(113.500000 -0.429844 1.274219)
(114.000000 -0.440375 1.268578)
(114.500000 -0.450906 1.262936)
(115.000000 -0.461438 1.257294)
(115.500000 -0.471006 1.250289)
(116.000000 -0.480575 1.243284)
(116.500000 -0.490144 1.236279)
(117.000000 -0.499713 1.229274)
(117.500000 -0.509281 1.222269)
(118.000000 -0.518850 1.215264)
(118.500000 -0.528419 1.208259)
(119.000000 -0.537988 1.201254)
(119.500000 -0.547556 1.194249)
(120.000000 -0.557125 1.187244)
(120.500000 -0.565525 1.178945)
(121.000000 -0.573925 1.170646)
(121.500000 -0.582325 1.162347)
(122.000000 -0.590725 1.154049)
(122.500000 -0.599125 1.145750)
(123.000000 -0.607525 1.137451)
(123.500000 -0.615925 1.129153)
(124.000000 -0.624325 1.120854)
(124.500000 -0.632725 1.112555)
(125.000000 -0.641125 1.104256)
(125.500000 -0.647994 1.094801)
(126.000000 -0.654863 1.085345)
(126.500000 -0.661731 1.075889)
(127.000000 -0.668600 1.066434)
(127.500000 -0.675469 1.056978)
(128.000000 -0.682338 1.047522)
(128.500000 -0.689206 1.038067)
(129.000000 -0.696075 1.028611)
(129.500000 -0.702944 1.019156)
(130.000000 -0.709812 1.009700)
(130.500000 -0.714981 0.999221)
(131.000000 -0.720150 0.988741)
(131.500000 -0.725319 0.978262)
(132.000000 -0.730487 0.967782)
(132.500000 -0.735656 0.957303)
(133.000000 -0.740825 0.946824)
(133.500000 -0.745994 0.936344)
(134.000000 -0.751163 0.925865)
(134.500000 -0.756331 0.915386)
(135.000000 -0.761500 0.904906)
(135.500000 -0.764737 0.893603)
(136.000000 -0.767975 0.882300)
(136.500000 -0.771212 0.870997)
(137.000000 -0.774450 0.859694)
(137.500000 -0.777688 0.848391)
(138.000000 -0.780925 0.837087)
(138.500000 -0.784162 0.825784)
(139.000000 -0.787400 0.814481)
(139.500000 -0.790638 0.803178)
(140.000000 -0.793875 0.791875)
(140.500000 -0.794844 0.779981)
(141.000000 -0.795813 0.768088)
(141.500000 -0.796781 0.756194)
(142.000000 -0.797750 0.744300)
(142.500000 -0.798719 0.732406)
(143.000000 -0.799688 0.720513)
(143.500000 -0.800656 0.708619)
(144.000000 -0.801625 0.696725)
(144.500000 -0.802594 0.684831)
(145.000000 -0.803563 0.672938)
(145.500000 -0.801969 0.660729)
(146.000000 -0.800375 0.648521)
(146.500000 -0.798781 0.636313)
(147.000000 -0.797188 0.624105)
(147.500000 -0.795594 0.611897)
(148.000000 -0.794000 0.599689)
(148.500000 -0.792406 0.587481)
(149.000000 -0.790813 0.575273)
(149.500000 -0.789219 0.563064)
(150.000000 -0.787625 0.550856)
(150.500000 -0.783231 0.538694)
(151.000000 -0.778838 0.526533)
(151.500000 -0.774444 0.514371)
(152.000000 -0.770050 0.502209)
(152.500000 -0.765656 0.490047)
(153.000000 -0.761262 0.477885)
(153.500000 -0.756869 0.465723)
(154.000000 -0.752475 0.453561)
(154.500000 -0.748081 0.441399)
(155.000000 -0.743687 0.429238)
(155.500000 -0.736125 0.417531)
(156.000000 -0.728563 0.405824)
(156.500000 -0.721000 0.394117)
(157.000000 -0.713437 0.382410)
(157.500000 -0.705875 0.370703)
(158.000000 -0.698313 0.358996)
(158.500000 -0.690750 0.347289)
(159.000000 -0.683187 0.335583)
(159.500000 -0.675625 0.323876)
(160.000000 -0.668063 0.312169)
(160.500000 -0.655269 0.302188)
(161.000000 -0.642475 0.292208)
(161.500000 -0.629681 0.282227)
(162.000000 -0.616888 0.272246)
(162.500000 -0.604094 0.262266)
(163.000000 -0.591300 0.252285)
(163.500000 -0.578506 0.242304)
(164.000000 -0.565712 0.232324)
(164.500000 -0.552919 0.222343)
(165.000000 -0.540125 0.212362)
(165.500000 -0.527331 0.202382)
(166.000000 -0.514537 0.192401)
(166.500000 -0.501744 0.182421)
(167.000000 -0.488950 0.172440)
(167.500000 -0.476156 0.162459)
(168.000000 -0.463362 0.152479)
(168.500000 -0.450569 0.142498)
(169.000000 -0.437775 0.132517)
(169.500000 -0.424981 0.122537)
(170.000000 -0.412187 0.112556)
(170.500000 -0.393663 0.107721)
(171.000000 -0.375138 0.102885)
(171.500000 -0.356612 0.098049)
(172.000000 -0.338087 0.093214)
(172.500000 -0.319563 0.088378)
(173.000000 -0.301038 0.083542)
(173.500000 -0.282512 0.078707)
(174.000000 -0.263987 0.073871)
(174.500000 -0.245462 0.069036)
(175.000000 -0.226938 0.064200)
(175.500000 -0.204244 0.063191)
(176.000000 -0.181550 0.062181)
(176.500000 -0.158856 0.061172)
(177.000000 -0.136162 0.060162)
(177.500000 -0.113469 0.059153)
(178.000000 -0.090775 0.058144)
(178.500000 -0.068081 0.057134)
(179.000000 -0.045387 0.056125)
(179.500000 -0.022694 0.055116)
(180.000000 0.000000 0.054106)
