// Polars table of section_21 for NREL 5MW 
// AOA    Cl    Cd 
(-180.000000 0.000000 0.019881)
(-179.500000 0.037288 0.021148)
(-179.000000 0.074575 0.022415)
(-178.500000 0.111863 0.023682)
(-178.000000 0.149150 0.024949)
(-177.500000 0.186437 0.026216)
(-177.000000 0.223725 0.027482)
(-176.500000 0.261012 0.028749)
(-176.000000 0.298300 0.030016)
(-175.500000 0.335587 0.031283)
(-175.000000 0.372875 0.032550)
(-174.500000 0.410081 0.038729)
(-174.000000 0.447288 0.044908)
(-173.500000 0.484494 0.051086)
(-173.000000 0.521700 0.057265)
(-172.500000 0.558906 0.063444)
(-172.000000 0.596113 0.069622)
(-171.500000 0.633319 0.075801)
(-171.000000 0.670525 0.081980)
(-170.500000 0.707731 0.088159)
(-170.000000 0.744937 0.094337)
(-169.500000 0.742206 0.103824)
(-169.000000 0.739475 0.113311)
(-168.500000 0.736744 0.122797)
(-168.000000 0.734013 0.132284)
(-167.500000 0.731281 0.141770)
(-167.000000 0.728550 0.151257)
(-166.500000 0.725819 0.160743)
(-166.000000 0.723087 0.170230)
(-165.500000 0.720356 0.179717)
(-165.000000 0.717625 0.189203)
(-164.500000 0.714894 0.198690)
(-164.000000 0.712163 0.208176)
(-163.500000 0.709431 0.217663)
(-163.000000 0.706700 0.227149)
(-162.500000 0.703969 0.236636)
(-162.000000 0.701237 0.246123)
(-161.500000 0.698506 0.255609)
(-161.000000 0.695775 0.265096)
(-160.500000 0.693044 0.274582)
(-160.000000 0.690312 0.284069)
(-159.500000 0.698456 0.295542)
(-159.000000 0.706600 0.307016)
(-158.500000 0.714744 0.318490)
(-158.000000 0.722888 0.329964)
(-157.500000 0.731031 0.341438)
(-157.000000 0.739175 0.352911)
(-156.500000 0.747319 0.364385)
(-156.000000 0.755463 0.375859)
(-155.500000 0.763606 0.387333)
(-155.000000 0.771750 0.398806)
(-154.500000 0.776794 0.410883)
(-154.000000 0.781838 0.422959)
(-153.500000 0.786881 0.435035)
(-153.000000 0.791925 0.447111)
(-152.500000 0.796969 0.459187)
(-152.000000 0.802013 0.471264)
(-151.500000 0.807056 0.483340)
(-151.000000 0.812100 0.495416)
(-150.500000 0.817144 0.507493)
(-150.000000 0.822188 0.519569)
(-149.500000 0.824369 0.531823)
(-149.000000 0.826550 0.544077)
(-148.500000 0.828731 0.556332)
(-148.000000 0.830913 0.568586)
(-147.500000 0.833094 0.580841)
(-147.000000 0.835275 0.593095)
(-146.500000 0.837456 0.605349)
(-146.000000 0.839638 0.617604)
(-145.500000 0.841819 0.629858)
(-145.000000 0.844000 0.642113)
(-144.500000 0.843581 0.654173)
(-144.000000 0.843163 0.666234)
(-143.500000 0.842744 0.678294)
(-143.000000 0.842325 0.690355)
(-142.500000 0.841906 0.702416)
(-142.000000 0.841487 0.714476)
(-141.500000 0.841069 0.726537)
(-141.000000 0.840650 0.738598)
(-140.500000 0.840231 0.750658)
(-140.000000 0.839813 0.762719)
(-139.500000 0.837031 0.774281)
(-139.000000 0.834250 0.785844)
(-138.500000 0.831469 0.797406)
(-138.000000 0.828688 0.808969)
(-137.500000 0.825906 0.820531)
(-137.000000 0.823125 0.832094)
(-136.500000 0.820344 0.843656)
(-136.000000 0.817562 0.855219)
(-135.500000 0.814781 0.866781)
(-135.000000 0.812000 0.878344)
(-134.500000 0.807300 0.889158)
(-134.000000 0.802600 0.899973)
(-133.500000 0.797900 0.910787)
(-133.000000 0.793200 0.921601)
(-132.500000 0.788500 0.932416)
(-132.000000 0.783800 0.943230)
(-131.500000 0.779100 0.954044)
(-131.000000 0.774400 0.964859)
(-130.500000 0.769700 0.975673)
(-130.000000 0.765000 0.986488)
(-129.500000 0.758438 0.996364)
(-129.000000 0.751875 1.006240)
(-128.500000 0.745313 1.016116)
(-128.000000 0.738750 1.025993)
(-127.500000 0.732187 1.035869)
(-127.000000 0.725625 1.045745)
(-126.500000 0.719063 1.055621)
(-126.000000 0.712500 1.065497)
(-125.500000 0.705937 1.075374)
(-125.000000 0.699375 1.085250)
(-124.500000 0.691312 1.094012)
(-124.000000 0.683250 1.102774)
(-123.500000 0.675188 1.111536)
(-123.000000 0.667125 1.120297)
(-122.500000 0.659062 1.129059)
(-122.000000 0.651000 1.137821)
(-121.500000 0.642938 1.146583)
(-121.000000 0.634875 1.155345)
(-120.500000 0.626812 1.164107)
(-120.000000 0.618750 1.172869)
(-119.500000 0.609406 1.180396)
(-119.000000 0.600063 1.187924)
(-118.500000 0.590719 1.195451)
(-118.000000 0.581375 1.202979)
(-117.500000 0.572031 1.210506)
(-117.000000 0.562688 1.218034)
(-116.500000 0.553344 1.225561)
(-116.000000 0.544000 1.233089)
(-115.500000 0.534656 1.240616)
(-115.000000 0.525313 1.248144)
(-114.500000 0.514950 1.254329)
(-114.000000 0.504588 1.260514)
(-113.500000 0.494225 1.266699)
(-113.000000 0.483863 1.272884)
(-112.500000 0.473500 1.279069)
(-112.000000 0.463138 1.285254)
(-111.500000 0.452775 1.291439)
(-111.000000 0.442412 1.297624)
(-110.500000 0.432050 1.303809)
(-110.000000 0.421688 1.309994)
(-109.500000 0.410544 1.314773)
(-109.000000 0.399400 1.319551)
(-108.500000 0.388256 1.324330)
(-108.000000 0.377113 1.329109)
(-107.500000 0.365969 1.333888)
(-107.000000 0.354825 1.338666)
(-106.500000 0.343681 1.343445)
(-106.000000 0.332538 1.348224)
(-105.500000 0.321394 1.353003)
(-105.000000 0.310250 1.357781)
(-104.500000 0.298425 1.361089)
(-104.000000 0.286600 1.364398)
(-103.500000 0.274775 1.367706)
(-103.000000 0.262950 1.371014)
(-102.500000 0.251125 1.374322)
(-102.000000 0.239300 1.377630)
(-101.500000 0.227475 1.380938)
(-101.000000 0.215650 1.384246)
(-100.500000 0.203825 1.387554)
(-100.000000 0.192000 1.390863)
(-99.500000 0.179856 1.392684)
(-99.000000 0.167713 1.394506)
(-98.500000 0.155569 1.396328)
(-98.000000 0.143425 1.398150)
(-97.500000 0.131281 1.399972)
(-97.000000 0.119138 1.401794)
(-96.500000 0.106994 1.403616)
(-96.000000 0.094850 1.405438)
(-95.500000 0.082706 1.407259)
(-95.000000 0.070563 1.409081)
(-94.500000 0.058319 1.409383)
(-94.000000 0.046075 1.409684)
(-93.500000 0.033831 1.409985)
(-93.000000 0.021588 1.410286)
(-92.500000 0.009344 1.410587)
(-92.000000 -0.002900 1.410889)
(-91.500000 -0.015144 1.411190)
(-91.000000 -0.027388 1.411491)
(-90.500000 -0.039631 1.411793)
(-90.000000 -0.051875 1.412094)
(-89.500000 -0.064100 1.410883)
(-89.000000 -0.076325 1.409671)
(-88.500000 -0.088550 1.408460)
(-88.000000 -0.100775 1.407249)
(-87.500000 -0.113000 1.406038)
(-87.000000 -0.125225 1.404826)
(-86.500000 -0.137450 1.403615)
(-86.000000 -0.149675 1.402404)
(-85.500000 -0.161900 1.401193)
(-85.000000 -0.174125 1.399981)
(-84.500000 -0.186131 1.397277)
(-84.000000 -0.198137 1.394574)
(-83.500000 -0.210144 1.391870)
(-83.000000 -0.222150 1.389166)
(-82.500000 -0.234156 1.386462)
(-82.000000 -0.246162 1.383759)
(-81.500000 -0.258169 1.381055)
(-81.000000 -0.270175 1.378351)
(-80.500000 -0.282181 1.375648)
(-80.000000 -0.294187 1.372944)
(-79.500000 -0.305631 1.368779)
(-79.000000 -0.317075 1.364615)
(-78.500000 -0.328519 1.360451)
(-78.000000 -0.339962 1.356286)
(-77.500000 -0.351406 1.352122)
(-77.000000 -0.362850 1.347958)
(-76.500000 -0.374294 1.343793)
(-76.000000 -0.385737 1.339629)
(-75.500000 -0.397181 1.335464)
(-75.000000 -0.408625 1.331300)
(-74.500000 -0.419450 1.325705)
(-74.000000 -0.430275 1.320110)
(-73.500000 -0.441100 1.314515)
(-73.000000 -0.451925 1.308920)
(-72.500000 -0.462750 1.303325)
(-72.000000 -0.473575 1.297730)
(-71.500000 -0.484400 1.292135)
(-71.000000 -0.495225 1.286540)
(-70.500000 -0.506050 1.280945)
(-70.000000 -0.516875 1.275350)
(-69.500000 -0.526719 1.268421)
(-69.000000 -0.536563 1.261491)
(-68.500000 -0.546406 1.254562)
(-68.000000 -0.556250 1.247633)
(-67.500000 -0.566094 1.240703)
(-67.000000 -0.575938 1.233774)
(-66.500000 -0.585781 1.226844)
(-66.000000 -0.595625 1.219915)
(-65.500000 -0.605469 1.212986)
(-65.000000 -0.615313 1.206056)
(-64.500000 -0.624138 1.197858)
(-64.000000 -0.632963 1.189660)
(-63.500000 -0.641787 1.181462)
(-63.000000 -0.650612 1.173264)
(-62.500000 -0.659438 1.165066)
(-62.000000 -0.668262 1.156868)
(-61.500000 -0.677087 1.148669)
(-61.000000 -0.685912 1.140471)
(-60.500000 -0.694738 1.132273)
(-60.000000 -0.703562 1.124075)
(-59.500000 -0.710906 1.114743)
(-59.000000 -0.718250 1.105410)
(-58.500000 -0.725594 1.096078)
(-58.000000 -0.732938 1.086745)
(-57.500000 -0.740281 1.077413)
(-57.000000 -0.747625 1.068080)
(-56.500000 -0.754969 1.058748)
(-56.000000 -0.762313 1.049415)
(-55.500000 -0.769656 1.040083)
(-55.000000 -0.777000 1.030750)
(-54.500000 -0.782844 1.020427)
(-54.000000 -0.788688 1.010104)
(-53.500000 -0.794531 0.999781)
(-53.000000 -0.800375 0.989458)
(-52.500000 -0.806219 0.979134)
(-52.000000 -0.812063 0.968811)
(-51.500000 -0.817906 0.958488)
(-51.000000 -0.823750 0.948165)
(-50.500000 -0.829594 0.937842)
(-50.000000 -0.835438 0.927519)
(-49.500000 -0.839381 0.916375)
(-49.000000 -0.843325 0.905231)
(-48.500000 -0.847269 0.894088)
(-48.000000 -0.851213 0.882944)
(-47.500000 -0.855156 0.871800)
(-47.000000 -0.859100 0.860656)
(-46.500000 -0.863044 0.849513)
(-46.000000 -0.866988 0.838369)
(-45.500000 -0.870931 0.827225)
(-45.000000 -0.874875 0.816081)
(-44.500000 -0.876756 0.804353)
(-44.000000 -0.878637 0.792625)
(-43.500000 -0.880519 0.780897)
(-43.000000 -0.882400 0.769169)
(-42.500000 -0.884281 0.757441)
(-42.000000 -0.886163 0.745713)
(-41.500000 -0.888044 0.733984)
(-41.000000 -0.889925 0.722256)
(-40.500000 -0.891806 0.710528)
(-40.000000 -0.893688 0.698800)
(-39.500000 -0.893169 0.686741)
(-39.000000 -0.892650 0.674683)
(-38.500000 -0.892131 0.662624)
(-38.000000 -0.891613 0.650565)
(-37.500000 -0.891094 0.638506)
(-37.000000 -0.890575 0.626448)
(-36.500000 -0.890056 0.614389)
(-36.000000 -0.889537 0.602330)
(-35.500000 -0.889019 0.590271)
(-35.000000 -0.888500 0.578213)
(-34.500000 -0.885400 0.566156)
(-34.000000 -0.882300 0.554099)
(-33.500000 -0.879200 0.542042)
(-33.000000 -0.876100 0.529985)
(-32.500000 -0.873000 0.517928)
(-32.000000 -0.869900 0.505871)
(-31.500000 -0.866800 0.493814)
(-31.000000 -0.863700 0.481758)
(-30.500000 -0.860600 0.469701)
(-30.000000 -0.857500 0.457644)
(-29.500000 -0.851825 0.445943)
(-29.000000 -0.846150 0.434241)
(-28.500000 -0.840475 0.422540)
(-28.000000 -0.834800 0.410839)
(-27.500000 -0.829125 0.399138)
(-27.000000 -0.823450 0.387436)
(-26.500000 -0.817775 0.375735)
(-26.000000 -0.812100 0.364034)
(-25.500000 -0.806425 0.352333)
(-25.000000 -0.800750 0.340631)
(-24.500000 -0.796563 0.328928)
(-24.000000 -0.792375 0.317225)
(-23.500000 -0.792188 0.305244)
(-23.000000 -0.792000 0.293263)
(-22.500000 -0.794719 0.281031)
(-22.000000 -0.797438 0.268800)
(-21.500000 -0.803156 0.256409)
(-21.000000 -0.808875 0.244019)
(-20.500000 -0.817000 0.231478)
(-20.000000 -0.825125 0.218938)
(-19.500000 -0.835250 0.206438)
(-19.000000 -0.845375 0.193938)
(-18.500000 -0.856906 0.181438)
(-18.000000 -0.868437 0.168938)
(-17.500000 -0.881687 0.156547)
(-17.000000 -0.894937 0.144156)
(-16.500000 -0.908781 0.131916)
(-16.000000 -0.922625 0.119675)
(-15.500000 -0.936781 0.107734)
(-15.000000 -0.950937 0.095794)
(-14.500000 -0.965094 0.084122)
(-14.000000 -0.972410 0.073623)
(-13.500000 -0.979321 0.063490)
(-13.000000 -0.986231 0.053357)
(-12.500000 -0.969448 0.040096)
(-12.000000 -0.952475 0.027132)
(-11.500000 -0.926238 0.028716)
(-11.000000 -0.900000 0.030300)
(-10.500000 -0.864216 0.029516)
(-10.000000 -0.828431 0.028731)
(-9.500000 -0.784059 0.027287)
(-9.000000 -0.739330 0.025816)
(-8.500000 -0.676048 0.024433)
(-8.000000 -0.607916 0.018092)
(-7.500000 -0.540652 0.011829)
(-7.000000 -0.471388 0.010241)
(-6.500000 -0.402836 0.009432)
(-6.000000 -0.333993 0.008907)
(-5.500000 -0.264874 0.008439)
(-5.000000 -0.199938 0.007225)
(-4.500000 -0.132500 0.006988)
(-4.000000 -0.065250 0.006869)
(-3.500000 0.000375 0.006750)
(-3.000000 0.067000 0.006613)
(-2.500000 0.132437 0.006594)
(-2.000000 0.197687 0.006594)
(-1.500000 0.263125 0.006513)
(-1.000000 0.327750 0.006513)
(-0.500000 0.392187 0.006513)
(0.000000 0.458437 0.006350)
(0.500000 0.522062 0.006350)
(1.000000 0.586500 0.006450)
(1.500000 0.649125 0.006531)
(2.000000 0.713562 0.006631)
(2.500000 0.776812 0.006750)
(3.000000 0.838437 0.006869)
(3.500000 0.900875 0.007006)
(4.000000 0.960250 0.007263)
(4.500000 1.019187 0.007656)
(5.000000 1.068188 0.008106)
(5.500000 1.117781 0.009163)
(6.000000 1.166813 0.010162)
(6.500000 1.213812 0.011794)
(7.000000 1.259438 0.013181)
(7.500000 1.305312 0.014225)
(8.000000 1.340125 0.015187)
(8.500000 1.372000 0.016369)
(9.000000 1.400562 0.018100)
(9.500000 1.422938 0.021100)
(10.000000 1.426250 0.026069)
(10.500000 1.405625 0.032944)
(11.000000 1.357688 0.040631)
(11.500000 1.308125 0.049363)
(12.000000 1.276062 0.057606)
(12.500000 1.254312 0.066525)
(13.000000 1.251062 0.075650)
(13.500000 1.251875 0.085688)
(14.000000 1.259000 0.096363)
(14.500000 1.262438 0.106900)
(15.000000 1.271750 0.117550)
(15.500000 1.281000 0.127813)
(16.000000 1.288063 0.138369)
(16.500000 1.294375 0.149019)
(17.000000 1.304375 0.159631)
(17.500000 1.308813 0.169963)
(18.000000 1.313688 0.179194)
(18.500000 1.317750 0.189881)
(19.000000 1.325875 0.200644)
(19.500000 1.336250 0.211525)
(20.000000 1.345938 0.222506)
(20.500000 1.352625 0.233563)
(21.000000 1.353250 0.247563)
(21.500000 1.334625 0.261528)
(22.000000 1.316000 0.275494)
(22.500000 1.296469 0.289722)
(23.000000 1.276938 0.303950)
(23.500000 1.257500 0.318378)
(24.000000 1.238063 0.332806)
(24.500000 1.219125 0.347425)
(25.000000 1.200188 0.362044)
(25.500000 1.182344 0.376734)
(26.000000 1.164500 0.391425)
(26.500000 1.148547 0.406158)
(27.000000 1.132594 0.420891)
(27.500000 1.116641 0.435623)
(28.000000 1.100688 0.450356)
(28.500000 1.089172 0.464917)
(29.000000 1.077656 0.479478)
(29.500000 1.066141 0.494039)
(30.000000 1.054625 0.508600)
(30.500000 1.049391 0.522744)
(31.000000 1.044156 0.536888)
(31.500000 1.038922 0.551031)
(32.000000 1.033688 0.565175)
(32.500000 1.035354 0.578797)
(33.000000 1.037021 0.592419)
(33.500000 1.038687 0.606041)
(34.000000 1.040354 0.619663)
(34.500000 1.042021 0.633284)
(35.000000 1.043688 0.646906)
(35.500000 1.043581 0.660279)
(36.000000 1.043475 0.673651)
(36.500000 1.043369 0.687024)
(37.000000 1.043263 0.700396)
(37.500000 1.043156 0.713769)
(38.000000 1.043050 0.727141)
(38.500000 1.042944 0.740514)
(39.000000 1.042838 0.753886)
(39.500000 1.042731 0.767259)
(40.000000 1.042625 0.780631)
(40.500000 1.039856 0.793405)
(41.000000 1.037088 0.806179)
(41.500000 1.034319 0.818953)
(42.000000 1.031550 0.831726)
(42.500000 1.028781 0.844500)
(43.000000 1.026012 0.857274)
(43.500000 1.023244 0.870048)
(44.000000 1.020475 0.882821)
(44.500000 1.017706 0.895595)
(45.000000 1.014938 0.908369)
(45.500000 1.009644 0.920193)
(46.000000 1.004350 0.932016)
(46.500000 0.999056 0.943840)
(47.000000 0.993762 0.955664)
(47.500000 0.988469 0.967488)
(48.000000 0.983175 0.979311)
(48.500000 0.977881 0.991135)
(49.000000 0.972588 1.002959)
(49.500000 0.967294 1.014783)
(50.000000 0.962000 1.026606)
(50.500000 0.954644 1.037183)
(51.000000 0.947288 1.047760)
(51.500000 0.939931 1.058337)
(52.000000 0.932575 1.068914)
(52.500000 0.925219 1.079491)
(53.000000 0.917863 1.090068)
(53.500000 0.910506 1.100644)
(54.000000 0.903150 1.111221)
(54.500000 0.895794 1.121798)
(55.000000 0.888438 1.132375)
(55.500000 0.879281 1.141461)
(56.000000 0.870125 1.150546)
(56.500000 0.860969 1.159632)
(57.000000 0.851813 1.168718)
(57.500000 0.842656 1.177803)
(58.000000 0.833500 1.186889)
(58.500000 0.824344 1.195974)
(59.000000 0.815188 1.205060)
(59.500000 0.806031 1.214146)
(60.000000 0.796875 1.223231)
(60.500000 0.786338 1.230637)
(61.000000 0.775800 1.238043)
(61.500000 0.765263 1.245448)
(62.000000 0.754725 1.252854)
(62.500000 0.744188 1.260259)
(63.000000 0.733650 1.267665)
(63.500000 0.723113 1.275071)
(64.000000 0.712575 1.282476)
(64.500000 0.702037 1.289882)
(65.000000 0.691500 1.297288)
(65.500000 0.679763 1.302885)
(66.000000 0.668025 1.308483)
(66.500000 0.656287 1.314080)
(67.000000 0.644550 1.319678)
(67.500000 0.632812 1.325275)
(68.000000 0.621075 1.330873)
(68.500000 0.609337 1.336470)
(69.000000 0.597600 1.342068)
(69.500000 0.585862 1.347665)
(70.000000 0.574125 1.353263)
(70.500000 0.561731 1.356978)
(71.000000 0.549338 1.360694)
(71.500000 0.536944 1.364409)
(72.000000 0.524550 1.368125)
(72.500000 0.512156 1.371841)
(73.000000 0.499762 1.375556)
(73.500000 0.487369 1.379272)
(74.000000 0.474975 1.382988)
(74.500000 0.462581 1.386703)
(75.000000 0.450188 1.390419)
(75.500000 0.437356 1.392268)
(76.000000 0.424525 1.394116)
(76.500000 0.411694 1.395965)
(77.000000 0.398863 1.397814)
(77.500000 0.386031 1.399663)
(78.000000 0.373200 1.401511)
(78.500000 0.360369 1.403360)
(79.000000 0.347538 1.405209)
(79.500000 0.334706 1.407057)
(80.000000 0.321875 1.408906)
(80.500000 0.309050 1.409150)
(81.000000 0.296225 1.409394)
(81.500000 0.283400 1.409637)
(82.000000 0.270575 1.409881)
(82.500000 0.257750 1.410125)
(83.000000 0.244925 1.410369)
(83.500000 0.232100 1.410613)
(84.000000 0.219275 1.410856)
(84.500000 0.206450 1.411100)
(85.000000 0.193625 1.411344)
(85.500000 0.181106 1.411048)
(86.000000 0.168588 1.410751)
(86.500000 0.156069 1.410455)
(87.000000 0.143550 1.410159)
(87.500000 0.131031 1.409863)
(88.000000 0.118513 1.409566)
(88.500000 0.105994 1.409270)
(89.000000 0.093475 1.408974)
(89.500000 0.080956 1.408678)
(90.000000 0.068438 1.408381)
(90.500000 0.056163 1.408224)
(91.000000 0.043888 1.408066)
(91.500000 0.031613 1.407909)
(92.000000 0.019338 1.407751)
(92.500000 0.007063 1.407594)
(93.000000 -0.005212 1.407436)
(93.500000 -0.017487 1.407279)
(94.000000 -0.029762 1.407121)
(94.500000 -0.042037 1.406964)
(95.000000 -0.054312 1.406806)
(95.500000 -0.066406 1.405133)
(96.000000 -0.078500 1.403460)
(96.500000 -0.090594 1.401787)
(97.000000 -0.102687 1.400114)
(97.500000 -0.114781 1.398441)
(98.000000 -0.126875 1.396767)
(98.500000 -0.138969 1.395094)
(99.000000 -0.151063 1.393421)
(99.500000 -0.163156 1.391748)
(100.000000 -0.175250 1.390075)
(100.500000 -0.187025 1.386903)
(101.000000 -0.198800 1.383730)
(101.500000 -0.210575 1.380557)
(102.000000 -0.222350 1.377385)
(102.500000 -0.234125 1.374213)
(103.000000 -0.245900 1.371040)
(103.500000 -0.257675 1.367868)
(104.000000 -0.269450 1.364695)
(104.500000 -0.281225 1.361522)
(105.000000 -0.293000 1.358350)
(105.500000 -0.304256 1.353718)
(106.000000 -0.315513 1.349086)
(106.500000 -0.326769 1.344454)
(107.000000 -0.338025 1.339823)
(107.500000 -0.349281 1.335191)
(108.000000 -0.360538 1.330559)
(108.500000 -0.371794 1.325927)
(109.000000 -0.383050 1.321295)
(109.500000 -0.394306 1.316663)
(110.000000 -0.405563 1.312031)
(110.500000 -0.415938 1.305974)
(111.000000 -0.426313 1.299916)
(111.500000 -0.436687 1.293859)
(112.000000 -0.447063 1.287801)
(112.500000 -0.457437 1.281744)
(113.000000 -0.467812 1.275686)
(113.500000 -0.478187 1.269629)
(114.000000 -0.488563 1.263571)
(114.500000 -0.498937 1.257514)
(115.000000 -0.509312 1.251456)
(115.500000 -0.518750 1.244053)
(116.000000 -0.528188 1.236650)
(116.500000 -0.537625 1.229247)
(117.000000 -0.547063 1.221844)
(117.500000 -0.556500 1.214441)
(118.000000 -0.565937 1.207037)
(118.500000 -0.575375 1.199634)
(119.000000 -0.584812 1.192231)
(119.500000 -0.594250 1.184828)
(120.000000 -0.603687 1.177425)
(120.500000 -0.611825 1.168774)
(121.000000 -0.619963 1.160124)
(121.500000 -0.628100 1.151473)
(122.000000 -0.636238 1.142823)
(122.500000 -0.644375 1.134172)
(123.000000 -0.652513 1.125521)
(123.500000 -0.660650 1.116871)
(124.000000 -0.668788 1.108220)
(124.500000 -0.676925 1.099569)
(125.000000 -0.685063 1.090919)
(125.500000 -0.691681 1.081146)
(126.000000 -0.698300 1.071374)
(126.500000 -0.704919 1.061601)
(127.000000 -0.711537 1.051829)
(127.500000 -0.718156 1.042056)
(128.000000 -0.724775 1.032284)
(128.500000 -0.731394 1.022511)
(129.000000 -0.738013 1.012739)
(129.500000 -0.744631 1.002966)
(130.000000 -0.751250 0.993194)
(130.500000 -0.756150 0.982457)
(131.000000 -0.761050 0.971721)
(131.500000 -0.765950 0.960985)
(132.000000 -0.770850 0.950249)
(132.500000 -0.775750 0.939512)
(133.000000 -0.780650 0.928776)
(133.500000 -0.785550 0.918040)
(134.000000 -0.790450 0.907304)
(134.500000 -0.795350 0.896567)
(135.000000 -0.800250 0.885831)
(135.500000 -0.803131 0.874325)
(136.000000 -0.806013 0.862819)
(136.500000 -0.808894 0.851313)
(137.000000 -0.811775 0.839806)
(137.500000 -0.814656 0.828300)
(138.000000 -0.817537 0.816794)
(138.500000 -0.820419 0.805288)
(139.000000 -0.823300 0.793781)
(139.500000 -0.826181 0.782275)
(140.000000 -0.829062 0.770769)
(140.500000 -0.829562 0.758734)
(141.000000 -0.830063 0.746700)
(141.500000 -0.830562 0.734666)
(142.000000 -0.831063 0.722631)
(142.500000 -0.831562 0.710597)
(143.000000 -0.832063 0.698562)
(143.500000 -0.832563 0.686528)
(144.000000 -0.833063 0.674494)
(144.500000 -0.833562 0.662459)
(145.000000 -0.834062 0.650425)
(145.500000 -0.832025 0.638176)
(146.000000 -0.829987 0.625927)
(146.500000 -0.827950 0.613679)
(147.000000 -0.825912 0.601430)
(147.500000 -0.823875 0.589181)
(148.000000 -0.821838 0.576932)
(148.500000 -0.819800 0.564684)
(149.000000 -0.817762 0.552435)
(149.500000 -0.815725 0.540186)
(150.000000 -0.813688 0.527937)
(150.500000 -0.808813 0.515824)
(151.000000 -0.803937 0.503711)
(151.500000 -0.799063 0.491598)
(152.000000 -0.794188 0.479485)
(152.500000 -0.789312 0.467372)
(153.000000 -0.784437 0.455259)
(153.500000 -0.779562 0.443146)
(154.000000 -0.774688 0.431033)
(154.500000 -0.769813 0.418919)
(155.000000 -0.764938 0.406806)
(155.500000 -0.756944 0.395264)
(156.000000 -0.748950 0.383723)
(156.500000 -0.740956 0.372181)
(157.000000 -0.732962 0.360639)
(157.500000 -0.724969 0.349097)
(158.000000 -0.716975 0.337555)
(158.500000 -0.708981 0.326013)
(159.000000 -0.700987 0.314471)
(159.500000 -0.692994 0.302929)
(160.000000 -0.685000 0.291388)
(160.500000 -0.687997 0.281769)
(161.000000 -0.690994 0.272150)
(161.500000 -0.693991 0.262531)
(162.000000 -0.696987 0.252913)
(162.500000 -0.699984 0.243294)
(163.000000 -0.702981 0.233675)
(163.500000 -0.705978 0.224056)
(164.000000 -0.708975 0.214438)
(164.500000 -0.711972 0.204819)
(165.000000 -0.714969 0.195200)
(165.500000 -0.717966 0.185581)
(166.000000 -0.720962 0.175963)
(166.500000 -0.723959 0.166344)
(167.000000 -0.726956 0.156725)
(167.500000 -0.729953 0.147106)
(168.000000 -0.732950 0.137487)
(168.500000 -0.735947 0.127869)
(169.000000 -0.738944 0.118250)
(169.500000 -0.741941 0.108631)
(170.000000 -0.744937 0.099013)
(170.500000 -0.707731 0.092630)
(171.000000 -0.670525 0.086248)
(171.500000 -0.633319 0.079865)
(172.000000 -0.596113 0.073483)
(172.500000 -0.558906 0.067100)
(173.000000 -0.521700 0.060718)
(173.500000 -0.484494 0.054335)
(174.000000 -0.447287 0.047953)
(174.500000 -0.410081 0.041570)
(175.000000 -0.372875 0.035188)
(175.500000 -0.335587 0.033657)
(176.000000 -0.298300 0.032126)
(176.500000 -0.261012 0.030596)
(177.000000 -0.223725 0.029065)
(177.500000 -0.186437 0.027534)
(178.000000 -0.149150 0.026004)
(178.500000 -0.111863 0.024473)
(179.000000 -0.074575 0.022943)
(179.500000 -0.037287 0.021412)
(180.000000 0.000000 0.019881)
