// Set the streamwise probes at tip 
( -378.000000 0.000000 63.000000 )
( -362.250000 0.000000 63.000000 )
( -346.500000 0.000000 63.000000 )
( -330.750000 0.000000 63.000000 )
( -315.000000 0.000000 63.000000 )
( -299.250000 0.000000 63.000000 )
( -283.500000 0.000000 63.000000 )
( -267.750000 0.000000 63.000000 )
( -252.000000 0.000000 63.000000 )
( -236.250000 0.000000 63.000000 )
( -220.500000 0.000000 63.000000 )
( -204.750000 0.000000 63.000000 )
( -189.000000 0.000000 63.000000 )
( -173.250000 0.000000 63.000000 )
( -157.500000 0.000000 63.000000 )
( -141.750000 0.000000 63.000000 )
( -126.000000 0.000000 63.000000 )
( -110.250000 0.000000 63.000000 )
( -94.500000 0.000000 63.000000 )
( -78.750000 0.000000 63.000000 )
( -63.000000 0.000000 63.000000 )
( -47.250000 0.000000 63.000000 )
( -31.500000 0.000000 63.000000 )
( -15.750000 0.000000 63.000000 )
( 0.000000 0.000000 63.000000 )
( 15.750000 0.000000 63.000000 )
( 31.500000 0.000000 63.000000 )
( 47.250000 0.000000 63.000000 )
( 63.000000 0.000000 63.000000 )
( 78.750000 0.000000 63.000000 )
( 94.500000 0.000000 63.000000 )
( 110.250000 0.000000 63.000000 )
( 126.000000 0.000000 63.000000 )
( 141.750000 0.000000 63.000000 )
( 157.500000 0.000000 63.000000 )
( 173.250000 0.000000 63.000000 )
( 189.000000 0.000000 63.000000 )
( 204.750000 0.000000 63.000000 )
( 220.500000 0.000000 63.000000 )
( 236.250000 0.000000 63.000000 )
( 252.000000 0.000000 63.000000 )
( 267.750000 0.000000 63.000000 )
( 283.500000 0.000000 63.000000 )
( 299.250000 0.000000 63.000000 )
( 315.000000 0.000000 63.000000 )
( 330.750000 0.000000 63.000000 )
( 346.500000 0.000000 63.000000 )
( 362.250000 0.000000 63.000000 )
( 378.000000 0.000000 63.000000 )
( 393.750000 0.000000 63.000000 )
( 409.500000 0.000000 63.000000 )
( 425.250000 0.000000 63.000000 )
( 441.000000 0.000000 63.000000 )
( 456.750000 0.000000 63.000000 )
( 472.500000 0.000000 63.000000 )
( 488.250000 0.000000 63.000000 )
( 504.000000 0.000000 63.000000 )
( 519.750000 0.000000 63.000000 )
( 535.500000 0.000000 63.000000 )
( 551.250000 0.000000 63.000000 )
( 567.000000 0.000000 63.000000 )
( 582.750000 0.000000 63.000000 )
( 598.500000 0.000000 63.000000 )
( 614.250000 0.000000 63.000000 )
( 630.000000 0.000000 63.000000 )
( 645.750000 0.000000 63.000000 )
( 661.500000 0.000000 63.000000 )
( 677.250000 0.000000 63.000000 )
( 693.000000 0.000000 63.000000 )
( 708.750000 0.000000 63.000000 )
( 724.500000 0.000000 63.000000 )
( 740.250000 0.000000 63.000000 )
( 756.000000 0.000000 63.000000 )
( 771.750000 0.000000 63.000000 )
( 787.500000 0.000000 63.000000 )
( 803.250000 0.000000 63.000000 )
( 819.000000 0.000000 63.000000 )
( 834.750000 0.000000 63.000000 )
( 850.500000 0.000000 63.000000 )
( 866.250000 0.000000 63.000000 )
( 882.000000 0.000000 63.000000 )
( 897.750000 0.000000 63.000000 )
( 913.500000 0.000000 63.000000 )
( 929.250000 0.000000 63.000000 )
( 945.000000 0.000000 63.000000 )
( 960.750000 0.000000 63.000000 )
( 976.500000 0.000000 63.000000 )
( 992.250000 0.000000 63.000000 )
( 1008.000000 0.000000 63.000000 )
( 1023.750000 0.000000 63.000000 )
( 1039.500000 0.000000 63.000000 )
( 1055.250000 0.000000 63.000000 )
( 1071.000000 0.000000 63.000000 )
( 1086.750000 0.000000 63.000000 )
( 1102.500000 0.000000 63.000000 )
( 1118.250000 0.000000 63.000000 )
( 1134.000000 0.000000 63.000000 )
( 1149.750000 0.000000 63.000000 )
( 1165.500000 0.000000 63.000000 )
( 1181.250000 0.000000 63.000000 )
( 1197.000000 0.000000 63.000000 )
( 1212.750000 0.000000 63.000000 )
( 1228.500000 0.000000 63.000000 )
( 1244.250000 0.000000 63.000000 )
( 1260.000000 0.000000 63.000000 )


